SOURCES 4C Calculation
<<<<<<<<<<<>>>>>>>>>>>


 Title: SNOLAB - NORITE U238                                                         
 Neutron Source Spectra in Columnar Format.
 Examine other tape files for additional information.
 Recall the Energy values are bin bounds.


            Normalized Totals (neutrons/sec-basis)
            ==========================================
 E (MeV)    (a,n)      (sf)       (dn)       Total
 ---------  ---------  ---------  ---------  ---------
 0.000E+00  0.000E+00  0.000E+00  0.000E+00  0.000E+00
 5.000E-02  3.213E-03  5.276E-03  0.000E+00  3.665E-03
 1.000E-01  5.121E-03  9.455E-03  0.000E+00  6.070E-03
 1.500E-01  6.448E-03  1.197E-02  0.000E+00  7.657E-03
 2.000E-01  7.710E-03  1.384E-02  0.000E+00  9.053E-03
 2.500E-01  8.834E-03  1.532E-02  0.000E+00  1.025E-02
 3.000E-01  9.899E-03  1.650E-02  0.000E+00  1.134E-02
 3.500E-01  1.084E-02  1.747E-02  0.000E+00  1.229E-02
 4.000E-01  1.171E-02  1.825E-02  0.000E+00  1.314E-02
 4.500E-01  1.246E-02  1.888E-02  0.000E+00  1.387E-02
 5.000E-01  1.309E-02  1.939E-02  0.000E+00  1.447E-02
 5.500E-01  1.371E-02  1.978E-02  0.000E+00  1.504E-02
 6.000E-01  1.428E-02  2.007E-02  0.000E+00  1.554E-02
 6.500E-01  1.469E-02  2.027E-02  0.000E+00  1.591E-02
 7.000E-01  1.504E-02  2.040E-02  0.000E+00  1.621E-02
 7.500E-01  1.536E-02  2.046E-02  0.000E+00  1.648E-02
 8.000E-01  1.564E-02  2.046E-02  0.000E+00  1.670E-02
 8.500E-01  1.576E-02  2.040E-02  0.000E+00  1.678E-02
 9.000E-01  1.586E-02  2.030E-02  0.000E+00  1.683E-02
 9.500E-01  1.589E-02  2.015E-02  0.000E+00  1.682E-02
 1.000E+00  1.596E-02  1.996E-02  0.000E+00  1.683E-02
 1.050E+00  1.606E-02  1.974E-02  0.000E+00  1.686E-02
 1.100E+00  1.609E-02  1.949E-02  0.000E+00  1.683E-02
 1.150E+00  1.609E-02  1.921E-02  0.000E+00  1.677E-02
 1.200E+00  1.603E-02  1.891E-02  0.000E+00  1.666E-02
 1.250E+00  1.585E-02  1.859E-02  0.000E+00  1.645E-02
 1.300E+00  1.562E-02  1.825E-02  0.000E+00  1.620E-02
 1.350E+00  1.540E-02  1.789E-02  0.000E+00  1.594E-02
 1.400E+00  1.521E-02  1.753E-02  0.000E+00  1.572E-02
 1.450E+00  1.509E-02  1.715E-02  0.000E+00  1.554E-02
 1.500E+00  1.497E-02  1.676E-02  0.000E+00  1.536E-02
 1.550E+00  1.493E-02  1.637E-02  0.000E+00  1.525E-02
 1.600E+00  1.481E-02  1.597E-02  0.000E+00  1.507E-02
 1.650E+00  1.461E-02  1.557E-02  0.000E+00  1.482E-02
 1.700E+00  1.434E-02  1.517E-02  0.000E+00  1.453E-02
 1.750E+00  1.411E-02  1.477E-02  0.000E+00  1.425E-02
 1.800E+00  1.389E-02  1.436E-02  0.000E+00  1.400E-02
 1.850E+00  1.369E-02  1.396E-02  0.000E+00  1.375E-02
 1.900E+00  1.353E-02  1.356E-02  0.000E+00  1.353E-02
 1.950E+00  1.335E-02  1.316E-02  0.000E+00  1.331E-02
 2.000E+00  1.318E-02  1.277E-02  0.000E+00  1.309E-02
 2.050E+00  1.301E-02  1.238E-02  0.000E+00  1.287E-02
 2.100E+00  1.282E-02  1.200E-02  0.000E+00  1.264E-02
 2.150E+00  1.264E-02  1.162E-02  0.000E+00  1.242E-02
 2.200E+00  1.251E-02  1.125E-02  0.000E+00  1.223E-02
 2.250E+00  1.233E-02  1.088E-02  0.000E+00  1.201E-02
 2.300E+00  1.207E-02  1.052E-02  0.000E+00  1.173E-02
 2.350E+00  1.185E-02  1.017E-02  0.000E+00  1.148E-02
 2.400E+00  1.163E-02  9.824E-03  0.000E+00  1.123E-02
 2.450E+00  1.136E-02  9.486E-03  0.000E+00  1.095E-02
 2.500E+00  1.109E-02  9.156E-03  0.000E+00  1.067E-02
 2.550E+00  1.082E-02  8.834E-03  0.000E+00  1.038E-02
 2.600E+00  1.054E-02  8.519E-03  0.000E+00  1.010E-02
 2.650E+00  1.033E-02  8.213E-03  0.000E+00  9.865E-03
 2.700E+00  1.013E-02  7.915E-03  0.000E+00  9.644E-03
 2.750E+00  9.925E-03  7.624E-03  0.000E+00  9.421E-03
 2.800E+00  9.689E-03  7.341E-03  0.000E+00  9.175E-03
 2.850E+00  9.440E-03  7.067E-03  0.000E+00  8.920E-03
 2.900E+00  9.171E-03  6.800E-03  0.000E+00  8.652E-03
 2.950E+00  8.839E-03  6.541E-03  0.000E+00  8.336E-03
 3.000E+00  8.517E-03  6.290E-03  0.000E+00  8.029E-03
 3.050E+00  8.221E-03  6.047E-03  0.000E+00  7.745E-03
 3.100E+00  7.942E-03  5.811E-03  0.000E+00  7.476E-03
 3.150E+00  7.688E-03  5.583E-03  0.000E+00  7.227E-03
 3.200E+00  7.468E-03  5.363E-03  0.000E+00  7.007E-03
 3.250E+00  7.243E-03  5.149E-03  0.000E+00  6.785E-03
 3.300E+00  6.997E-03  4.942E-03  0.000E+00  6.547E-03
 3.350E+00  6.746E-03  4.743E-03  0.000E+00  6.307E-03
 3.400E+00  6.519E-03  4.550E-03  0.000E+00  6.088E-03
 3.450E+00  6.297E-03  4.364E-03  0.000E+00  5.874E-03
 3.500E+00  6.078E-03  4.185E-03  0.000E+00  5.663E-03
 3.550E+00  5.868E-03  4.012E-03  0.000E+00  5.462E-03
 3.600E+00  5.660E-03  3.845E-03  0.000E+00  5.263E-03
 3.650E+00  5.434E-03  3.684E-03  0.000E+00  5.051E-03
 3.700E+00  5.215E-03  3.529E-03  0.000E+00  4.846E-03
 3.750E+00  5.011E-03  3.380E-03  0.000E+00  4.654E-03
 3.800E+00  4.831E-03  3.236E-03  0.000E+00  4.482E-03
 3.850E+00  4.661E-03  3.098E-03  0.000E+00  4.319E-03
 3.900E+00  4.499E-03  2.965E-03  0.000E+00  4.163E-03
 3.950E+00  4.329E-03  2.837E-03  0.000E+00  4.003E-03
 4.000E+00  4.178E-03  2.714E-03  0.000E+00  3.857E-03
 4.050E+00  4.038E-03  2.596E-03  0.000E+00  3.722E-03
 4.100E+00  3.896E-03  2.483E-03  0.000E+00  3.587E-03
 4.150E+00  3.745E-03  2.374E-03  0.000E+00  3.445E-03
 4.200E+00  3.610E-03  2.269E-03  0.000E+00  3.316E-03
 4.250E+00  3.480E-03  2.168E-03  0.000E+00  3.193E-03
 4.300E+00  3.356E-03  2.072E-03  0.000E+00  3.075E-03
 4.350E+00  3.239E-03  1.980E-03  0.000E+00  2.964E-03
 4.400E+00  3.122E-03  1.891E-03  0.000E+00  2.852E-03
 4.450E+00  3.009E-03  1.806E-03  0.000E+00  2.746E-03
 4.500E+00  2.897E-03  1.724E-03  0.000E+00  2.641E-03
 4.550E+00  2.790E-03  1.646E-03  0.000E+00  2.540E-03
 4.600E+00  2.685E-03  1.571E-03  0.000E+00  2.441E-03
 4.650E+00  2.580E-03  1.500E-03  0.000E+00  2.343E-03
 4.700E+00  2.484E-03  1.431E-03  0.000E+00  2.253E-03
 4.750E+00  2.405E-03  1.365E-03  0.000E+00  2.177E-03
 4.800E+00  2.328E-03  1.302E-03  0.000E+00  2.104E-03
 4.850E+00  2.257E-03  1.242E-03  0.000E+00  2.035E-03
 4.900E+00  2.191E-03  1.185E-03  0.000E+00  1.971E-03
 4.950E+00  2.123E-03  1.129E-03  0.000E+00  1.905E-03
 5.000E+00  2.059E-03  1.077E-03  0.000E+00  1.844E-03
 5.050E+00  1.997E-03  1.026E-03  0.000E+00  1.785E-03
 5.100E+00  1.932E-03  9.781E-04  0.000E+00  1.723E-03
 5.150E+00  1.861E-03  9.321E-04  0.000E+00  1.658E-03
 5.200E+00  1.792E-03  8.880E-04  0.000E+00  1.594E-03
 5.250E+00  1.723E-03  8.460E-04  0.000E+00  1.531E-03
 5.300E+00  1.656E-03  8.058E-04  0.000E+00  1.470E-03
 5.350E+00  1.593E-03  7.675E-04  0.000E+00  1.413E-03
 5.400E+00  1.542E-03  7.308E-04  0.000E+00  1.365E-03
 5.450E+00  1.497E-03  6.958E-04  0.000E+00  1.321E-03
 5.500E+00  1.453E-03  6.625E-04  0.000E+00  1.280E-03
 5.550E+00  1.410E-03  6.306E-04  0.000E+00  1.239E-03
 5.600E+00  1.367E-03  6.002E-04  0.000E+00  1.199E-03
 5.650E+00  1.322E-03  5.712E-04  0.000E+00  1.158E-03
 5.700E+00  1.280E-03  5.435E-04  0.000E+00  1.119E-03
 5.750E+00  1.242E-03  5.171E-04  0.000E+00  1.083E-03
 5.800E+00  1.203E-03  4.919E-04  0.000E+00  1.047E-03
 5.850E+00  1.162E-03  4.679E-04  0.000E+00  1.010E-03
 5.900E+00  1.122E-03  4.450E-04  0.000E+00  9.740E-04
 5.950E+00  1.079E-03  4.232E-04  0.000E+00  9.354E-04
 6.000E+00  1.036E-03  4.024E-04  0.000E+00  8.970E-04
 6.050E+00  9.931E-04  3.826E-04  0.000E+00  8.595E-04
 6.100E+00  9.558E-04  3.637E-04  0.000E+00  8.262E-04
 6.150E+00  9.201E-04  3.457E-04  0.000E+00  7.944E-04
 6.200E+00  8.883E-04  3.286E-04  0.000E+00  7.658E-04
 6.250E+00  8.616E-04  3.123E-04  0.000E+00  7.414E-04
 6.300E+00  8.353E-04  2.967E-04  0.000E+00  7.174E-04
 6.350E+00  8.047E-04  2.820E-04  0.000E+00  6.903E-04
 6.400E+00  7.732E-04  2.679E-04  0.000E+00  6.626E-04
 6.450E+00  7.416E-04  2.545E-04  0.000E+00  6.349E-04
 6.500E+00  7.099E-04  2.417E-04  0.000E+00  6.074E-04
 6.550E+00  6.796E-04  2.296E-04  0.000E+00  5.811E-04
 6.600E+00  6.513E-04  2.180E-04  0.000E+00  5.565E-04
 6.650E+00  6.250E-04  2.070E-04  0.000E+00  5.335E-04
 6.700E+00  5.982E-04  1.966E-04  0.000E+00  5.103E-04
 6.750E+00  5.737E-04  1.866E-04  0.000E+00  4.890E-04
 6.800E+00  5.504E-04  1.772E-04  0.000E+00  4.687E-04
 6.850E+00  5.272E-04  1.682E-04  0.000E+00  4.486E-04
 6.900E+00  5.039E-04  1.596E-04  0.000E+00  4.285E-04
 6.950E+00  4.815E-04  1.515E-04  0.000E+00  4.092E-04
 7.000E+00  4.616E-04  1.438E-04  0.000E+00  3.920E-04
 7.050E+00  4.416E-04  1.364E-04  0.000E+00  3.748E-04
 7.100E+00  4.214E-04  1.294E-04  0.000E+00  3.575E-04
 7.150E+00  4.010E-04  1.228E-04  0.000E+00  3.401E-04
 7.200E+00  3.799E-04  1.165E-04  0.000E+00  3.222E-04
 7.250E+00  3.582E-04  1.105E-04  0.000E+00  3.040E-04
 7.300E+00  3.367E-04  1.048E-04  0.000E+00  2.859E-04
 7.350E+00  3.156E-04  9.942E-05  0.000E+00  2.683E-04
 7.400E+00  2.967E-04  9.426E-05  0.000E+00  2.524E-04
 7.450E+00  2.806E-04  8.938E-05  0.000E+00  2.388E-04
 7.500E+00  2.664E-04  8.476E-05  0.000E+00  2.266E-04
 7.550E+00  2.529E-04  8.037E-05  0.000E+00  2.151E-04
 7.600E+00  2.392E-04  7.616E-05  0.000E+00  2.035E-04
 7.650E+00  2.254E-04  7.223E-05  0.000E+00  1.919E-04
 7.700E+00  2.114E-04  6.844E-05  0.000E+00  1.801E-04
 7.750E+00  1.974E-04  6.486E-05  0.000E+00  1.684E-04
 7.800E+00  1.839E-04  6.149E-05  0.000E+00  1.571E-04
 7.850E+00  1.736E-04  5.829E-05  0.000E+00  1.483E-04
 7.900E+00  1.639E-04  5.520E-05  0.000E+00  1.401E-04
 7.950E+00  1.541E-04  5.233E-05  0.000E+00  1.318E-04
 8.000E+00  1.444E-04  4.956E-05  0.000E+00  1.236E-04
 8.050E+00  1.348E-04  4.694E-05  0.000E+00  1.156E-04
 8.100E+00  1.261E-04  4.450E-05  0.000E+00  1.083E-04
 8.150E+00  1.176E-04  4.212E-05  0.000E+00  1.011E-04
 8.200E+00  1.091E-04  3.990E-05  0.000E+00  9.395E-05
 8.250E+00  1.007E-04  3.783E-05  0.000E+00  8.690E-05
 8.300E+00  9.228E-05  3.579E-05  0.000E+00  7.991E-05
 8.350E+00  8.532E-05  3.389E-05  0.000E+00  7.406E-05
 8.400E+00  8.094E-05  3.210E-05  0.000E+00  7.025E-05
 8.450E+00  7.660E-05  3.039E-05  0.000E+00  6.649E-05
 8.500E+00  7.223E-05  2.879E-05  0.000E+00  6.272E-05
 8.550E+00  6.811E-05  2.725E-05  0.000E+00  5.916E-05
 8.600E+00  6.484E-05  2.579E-05  0.000E+00  5.629E-05
 8.650E+00  6.162E-05  2.441E-05  0.000E+00  5.348E-05
 8.700E+00  5.842E-05  2.312E-05  0.000E+00  5.069E-05
 8.750E+00  5.521E-05  2.187E-05  0.000E+00  4.791E-05
 8.800E+00  5.200E-05  2.069E-05  0.000E+00  4.515E-05
 8.850E+00  4.882E-05  1.958E-05  0.000E+00  4.242E-05
 8.900E+00  4.565E-05  1.855E-05  0.000E+00  3.971E-05
 8.950E+00  4.250E-05  1.755E-05  0.000E+00  3.704E-05
 9.000E+00  3.939E-05  1.659E-05  0.000E+00  3.440E-05
 9.050E+00  3.630E-05  1.569E-05  0.000E+00  3.179E-05
 9.100E+00  3.326E-05  1.486E-05  0.000E+00  2.923E-05
 9.150E+00  3.026E-05  1.405E-05  0.000E+00  2.671E-05
 9.200E+00  2.733E-05  1.331E-05  0.000E+00  2.426E-05
 9.250E+00  2.489E-05  1.256E-05  0.000E+00  2.219E-05
 9.300E+00  2.279E-05  1.190E-05  0.000E+00  2.041E-05
 9.350E+00  2.074E-05  1.126E-05  0.000E+00  1.867E-05
 9.400E+00  1.872E-05  1.065E-05  0.000E+00  1.696E-05
 9.450E+00  1.673E-05  1.006E-05  0.000E+00  1.527E-05
 9.500E+00  1.475E-05  9.493E-06  0.000E+00  1.360E-05
 9.550E+00  1.280E-05  9.005E-06  0.000E+00  1.197E-05
 9.600E+00  1.087E-05  8.506E-06  0.000E+00  1.036E-05
 9.650E+00  9.306E-06  8.056E-06  0.000E+00  9.032E-06
 9.700E+00  8.337E-06  7.593E-06  0.000E+00  8.174E-06
 9.750E+00  7.388E-06  7.176E-06  0.000E+00  7.342E-06
 9.800E+00  6.453E-06  6.805E-06  0.000E+00  6.530E-06
 9.850E+00  5.531E-06  6.419E-06  0.000E+00  5.725E-06
 9.900E+00  4.621E-06  6.077E-06  0.000E+00  4.939E-06
 9.950E+00  3.724E-06  5.748E-06  0.000E+00  4.167E-06
 1.000E+01  2.840E-06  5.432E-06  0.000E+00  3.407E-06
 1.005E+01  1.972E-06  5.128E-06  0.000E+00  2.663E-06
 1.010E+01  1.121E-06  4.835E-06  0.000E+00  1.934E-06
 1.015E+01  2.957E-07  4.583E-06  0.000E+00  1.234E-06
 1.020E+01  9.605E-12  4.311E-06  0.000E+00  9.438E-07
 1.025E+01  8.631E-12  4.109E-06  0.000E+00  8.995E-07
 1.030E+01  7.680E-12  3.856E-06  0.000E+00  8.442E-07
 1.035E+01  6.751E-12  3.642E-06  0.000E+00  7.973E-07
 1.040E+01  5.843E-12  3.436E-06  0.000E+00  7.522E-07
 1.045E+01  4.955E-12  3.268E-06  0.000E+00  7.153E-07
 1.050E+01  4.086E-12  3.077E-06  0.000E+00  6.736E-07
 1.055E+01  3.228E-12  2.893E-06  0.000E+00  6.334E-07
 1.060E+01  2.381E-12  2.746E-06  0.000E+00  6.012E-07
 1.065E+01  1.546E-12  2.605E-06  0.000E+00  5.703E-07
 1.070E+01  7.216E-13  2.440E-06  0.000E+00  5.343E-07
 1.075E+01  6.044E-14  2.311E-06  0.000E+00  5.060E-07
 1.080E+01  0.000E+00  2.187E-06  0.000E+00  4.788E-07
 1.085E+01  0.000E+00  2.068E-06  0.000E+00  4.528E-07
 1.090E+01  0.000E+00  1.955E-06  0.000E+00  4.279E-07
 1.095E+01  0.000E+00  1.815E-06  0.000E+00  3.974E-07
 1.100E+01  0.000E+00  1.740E-06  0.000E+00  3.809E-07
 1.105E+01  0.000E+00  1.639E-06  0.000E+00  3.588E-07
 1.110E+01  0.000E+00  1.572E-06  0.000E+00  3.440E-07
 1.115E+01  0.000E+00  1.448E-06  0.000E+00  3.170E-07
 1.120E+01  0.000E+00  1.388E-06  0.000E+00  3.039E-07
 1.125E+01  0.000E+00  1.301E-06  0.000E+00  2.849E-07
 1.130E+01  0.000E+00  1.218E-06  0.000E+00  2.665E-07
 1.135E+01  0.000E+00  1.167E-06  0.000E+00  2.554E-07
 1.140E+01  0.000E+00  1.089E-06  0.000E+00  2.383E-07
 1.145E+01  0.000E+00  1.043E-06  0.000E+00  2.284E-07
 1.150E+01  0.000E+00  9.704E-07  0.000E+00  2.124E-07
 1.155E+01  0.000E+00  9.297E-07  0.000E+00  2.035E-07
 1.160E+01  0.000E+00  8.615E-07  0.000E+00  1.886E-07
 1.165E+01  0.000E+00  8.251E-07  0.000E+00  1.806E-07
 1.170E+01  0.000E+00  7.610E-07  0.000E+00  1.666E-07
 1.175E+01  0.000E+00  7.286E-07  0.000E+00  1.595E-07
 1.180E+01  0.000E+00  6.979E-07  0.000E+00  1.528E-07
 1.185E+01  0.000E+00  6.391E-07  0.000E+00  1.399E-07
 1.190E+01  0.000E+00  6.117E-07  0.000E+00  1.339E-07
 1.195E+01  0.000E+00  5.859E-07  0.000E+00  1.283E-07
 1.200E+01  0.000E+00  5.614E-07  0.000E+00  1.229E-07
 Total      9.870E-01  1.000E+00  0.000E+00  9.898E-01

            Absolute Totals (neutrons/sec-basis)
            ==========================================
 E (MeV)    (a,n)      (sf)       (dn)       Total
 ---------  ---------  ---------  ---------  ---------
 0.000E+00  0.000E+00  0.000E+00  0.000E+00  0.000E+00
 5.000E-02  4.983E-10  2.293E-10  0.000E+00  7.276E-10
 1.000E-01  7.941E-10  4.109E-10  0.000E+00  1.205E-09
 1.500E-01  9.998E-10  5.202E-10  0.000E+00  1.520E-09
 2.000E-01  1.196E-09  6.016E-10  0.000E+00  1.797E-09
 2.500E-01  1.370E-09  6.656E-10  0.000E+00  2.035E-09
 3.000E-01  1.535E-09  7.172E-10  0.000E+00  2.252E-09
 3.500E-01  1.682E-09  7.591E-10  0.000E+00  2.441E-09
 4.000E-01  1.816E-09  7.932E-10  0.000E+00  2.610E-09
 4.500E-01  1.933E-09  8.206E-10  0.000E+00  2.753E-09
 5.000E-01  2.030E-09  8.425E-10  0.000E+00  2.873E-09
 5.500E-01  2.125E-09  8.595E-10  0.000E+00  2.985E-09
 6.000E-01  2.214E-09  8.721E-10  0.000E+00  3.086E-09
 6.500E-01  2.278E-09  8.811E-10  0.000E+00  3.159E-09
 7.000E-01  2.332E-09  8.866E-10  0.000E+00  3.219E-09
 7.500E-01  2.382E-09  8.892E-10  0.000E+00  3.271E-09
 8.000E-01  2.426E-09  8.891E-10  0.000E+00  3.315E-09
 8.500E-01  2.444E-09  8.866E-10  0.000E+00  3.331E-09
 9.000E-01  2.459E-09  8.821E-10  0.000E+00  3.341E-09
 9.500E-01  2.464E-09  8.756E-10  0.000E+00  3.340E-09
 1.000E+00  2.474E-09  8.675E-10  0.000E+00  3.342E-09
 1.050E+00  2.490E-09  8.578E-10  0.000E+00  3.348E-09
 1.100E+00  2.494E-09  8.469E-10  0.000E+00  3.341E-09
 1.150E+00  2.495E-09  8.348E-10  0.000E+00  3.330E-09
 1.200E+00  2.485E-09  8.217E-10  0.000E+00  3.307E-09
 1.250E+00  2.458E-09  8.077E-10  0.000E+00  3.266E-09
 1.300E+00  2.422E-09  7.930E-10  0.000E+00  3.215E-09
 1.350E+00  2.387E-09  7.776E-10  0.000E+00  3.165E-09
 1.400E+00  2.359E-09  7.617E-10  0.000E+00  3.120E-09
 1.450E+00  2.340E-09  7.453E-10  0.000E+00  3.085E-09
 1.500E+00  2.321E-09  7.285E-10  0.000E+00  3.049E-09
 1.550E+00  2.315E-09  7.115E-10  0.000E+00  3.026E-09
 1.600E+00  2.297E-09  6.942E-10  0.000E+00  2.991E-09
 1.650E+00  2.265E-09  6.768E-10  0.000E+00  2.942E-09
 1.700E+00  2.224E-09  6.593E-10  0.000E+00  2.884E-09
 1.750E+00  2.187E-09  6.418E-10  0.000E+00  2.829E-09
 1.800E+00  2.154E-09  6.242E-10  0.000E+00  2.779E-09
 1.850E+00  2.123E-09  6.068E-10  0.000E+00  2.730E-09
 1.900E+00  2.097E-09  5.894E-10  0.000E+00  2.687E-09
 1.950E+00  2.070E-09  5.721E-10  0.000E+00  2.642E-09
 2.000E+00  2.043E-09  5.550E-10  0.000E+00  2.598E-09
 2.050E+00  2.017E-09  5.381E-10  0.000E+00  2.555E-09
 2.100E+00  1.987E-09  5.214E-10  0.000E+00  2.509E-09
 2.150E+00  1.960E-09  5.050E-10  0.000E+00  2.465E-09
 2.200E+00  1.940E-09  4.888E-10  0.000E+00  2.428E-09
 2.250E+00  1.911E-09  4.729E-10  0.000E+00  2.384E-09
 2.300E+00  1.872E-09  4.573E-10  0.000E+00  2.329E-09
 2.350E+00  1.837E-09  4.419E-10  0.000E+00  2.279E-09
 2.400E+00  1.803E-09  4.270E-10  0.000E+00  2.230E-09
 2.450E+00  1.762E-09  4.123E-10  0.000E+00  2.174E-09
 2.500E+00  1.720E-09  3.979E-10  0.000E+00  2.118E-09
 2.550E+00  1.678E-09  3.839E-10  0.000E+00  2.062E-09
 2.600E+00  1.634E-09  3.702E-10  0.000E+00  2.004E-09
 2.650E+00  1.601E-09  3.569E-10  0.000E+00  1.958E-09
 2.700E+00  1.571E-09  3.440E-10  0.000E+00  1.915E-09
 2.750E+00  1.539E-09  3.313E-10  0.000E+00  1.870E-09
 2.800E+00  1.502E-09  3.191E-10  0.000E+00  1.822E-09
 2.850E+00  1.464E-09  3.071E-10  0.000E+00  1.771E-09
 2.900E+00  1.422E-09  2.955E-10  0.000E+00  1.718E-09
 2.950E+00  1.371E-09  2.843E-10  0.000E+00  1.655E-09
 3.000E+00  1.321E-09  2.734E-10  0.000E+00  1.594E-09
 3.050E+00  1.275E-09  2.628E-10  0.000E+00  1.538E-09
 3.100E+00  1.232E-09  2.526E-10  0.000E+00  1.484E-09
 3.150E+00  1.192E-09  2.426E-10  0.000E+00  1.435E-09
 3.200E+00  1.158E-09  2.331E-10  0.000E+00  1.391E-09
 3.250E+00  1.123E-09  2.238E-10  0.000E+00  1.347E-09
 3.300E+00  1.085E-09  2.148E-10  0.000E+00  1.300E-09
 3.350E+00  1.046E-09  2.061E-10  0.000E+00  1.252E-09
 3.400E+00  1.011E-09  1.978E-10  0.000E+00  1.209E-09
 3.450E+00  9.764E-10  1.897E-10  0.000E+00  1.166E-09
 3.500E+00  9.424E-10  1.819E-10  0.000E+00  1.124E-09
 3.550E+00  9.099E-10  1.743E-10  0.000E+00  1.084E-09
 3.600E+00  8.776E-10  1.671E-10  0.000E+00  1.045E-09
 3.650E+00  8.426E-10  1.601E-10  0.000E+00  1.003E-09
 3.700E+00  8.087E-10  1.534E-10  0.000E+00  9.620E-10
 3.750E+00  7.770E-10  1.469E-10  0.000E+00  9.239E-10
 3.800E+00  7.492E-10  1.406E-10  0.000E+00  8.898E-10
 3.850E+00  7.227E-10  1.346E-10  0.000E+00  8.574E-10
 3.900E+00  6.977E-10  1.289E-10  0.000E+00  8.265E-10
 3.950E+00  6.713E-10  1.233E-10  0.000E+00  7.946E-10
 4.000E+00  6.478E-10  1.180E-10  0.000E+00  7.658E-10
 4.050E+00  6.261E-10  1.128E-10  0.000E+00  7.389E-10
 4.100E+00  6.042E-10  1.079E-10  0.000E+00  7.121E-10
 4.150E+00  5.807E-10  1.032E-10  0.000E+00  6.838E-10
 4.200E+00  5.598E-10  9.861E-11  0.000E+00  6.584E-10
 4.250E+00  5.396E-10  9.424E-11  0.000E+00  6.339E-10
 4.300E+00  5.204E-10  9.005E-11  0.000E+00  6.104E-10
 4.350E+00  5.023E-10  8.603E-11  0.000E+00  5.883E-10
 4.400E+00  4.841E-10  8.218E-11  0.000E+00  5.663E-10
 4.450E+00  4.666E-10  7.848E-11  0.000E+00  5.451E-10
 4.500E+00  4.493E-10  7.494E-11  0.000E+00  5.242E-10
 4.550E+00  4.327E-10  7.154E-11  0.000E+00  5.042E-10
 4.600E+00  4.164E-10  6.829E-11  0.000E+00  4.847E-10
 4.650E+00  4.000E-10  6.518E-11  0.000E+00  4.652E-10
 4.700E+00  3.852E-10  6.219E-11  0.000E+00  4.473E-10
 4.750E+00  3.729E-10  5.933E-11  0.000E+00  4.323E-10
 4.800E+00  3.610E-10  5.660E-11  0.000E+00  4.176E-10
 4.850E+00  3.500E-10  5.398E-11  0.000E+00  4.040E-10
 4.900E+00  3.398E-10  5.148E-11  0.000E+00  3.913E-10
 4.950E+00  3.292E-10  4.908E-11  0.000E+00  3.783E-10
 5.000E+00  3.193E-10  4.679E-11  0.000E+00  3.661E-10
 5.050E+00  3.097E-10  4.460E-11  0.000E+00  3.543E-10
 5.100E+00  2.996E-10  4.251E-11  0.000E+00  3.421E-10
 5.150E+00  2.886E-10  4.051E-11  0.000E+00  3.291E-10
 5.200E+00  2.778E-10  3.859E-11  0.000E+00  3.164E-10
 5.250E+00  2.672E-10  3.677E-11  0.000E+00  3.040E-10
 5.300E+00  2.568E-10  3.502E-11  0.000E+00  2.919E-10
 5.350E+00  2.471E-10  3.335E-11  0.000E+00  2.804E-10
 5.400E+00  2.391E-10  3.176E-11  0.000E+00  2.709E-10
 5.450E+00  2.321E-10  3.024E-11  0.000E+00  2.623E-10
 5.500E+00  2.253E-10  2.879E-11  0.000E+00  2.540E-10
 5.550E+00  2.187E-10  2.740E-11  0.000E+00  2.461E-10
 5.600E+00  2.120E-10  2.608E-11  0.000E+00  2.381E-10
 5.650E+00  2.050E-10  2.482E-11  0.000E+00  2.298E-10
 5.700E+00  1.985E-10  2.362E-11  0.000E+00  2.222E-10
 5.750E+00  1.926E-10  2.247E-11  0.000E+00  2.150E-10
 5.800E+00  1.865E-10  2.138E-11  0.000E+00  2.079E-10
 5.850E+00  1.802E-10  2.033E-11  0.000E+00  2.006E-10
 5.900E+00  1.740E-10  1.934E-11  0.000E+00  1.934E-10
 5.950E+00  1.673E-10  1.839E-11  0.000E+00  1.857E-10
 6.000E+00  1.606E-10  1.749E-11  0.000E+00  1.781E-10
 6.050E+00  1.540E-10  1.663E-11  0.000E+00  1.706E-10
 6.100E+00  1.482E-10  1.581E-11  0.000E+00  1.640E-10
 6.150E+00  1.427E-10  1.502E-11  0.000E+00  1.577E-10
 6.200E+00  1.377E-10  1.428E-11  0.000E+00  1.520E-10
 6.250E+00  1.336E-10  1.357E-11  0.000E+00  1.472E-10
 6.300E+00  1.295E-10  1.290E-11  0.000E+00  1.424E-10
 6.350E+00  1.248E-10  1.225E-11  0.000E+00  1.370E-10
 6.400E+00  1.199E-10  1.164E-11  0.000E+00  1.315E-10
 6.450E+00  1.150E-10  1.106E-11  0.000E+00  1.260E-10
 6.500E+00  1.101E-10  1.051E-11  0.000E+00  1.206E-10
 6.550E+00  1.054E-10  9.977E-12  0.000E+00  1.154E-10
 6.600E+00  1.010E-10  9.476E-12  0.000E+00  1.105E-10
 6.650E+00  9.692E-11  8.997E-12  0.000E+00  1.059E-10
 6.700E+00  9.276E-11  8.544E-12  0.000E+00  1.013E-10
 6.750E+00  8.896E-11  8.111E-12  0.000E+00  9.707E-11
 6.800E+00  8.535E-11  7.700E-12  0.000E+00  9.305E-11
 6.850E+00  8.175E-11  7.309E-12  0.000E+00  8.906E-11
 6.900E+00  7.813E-11  6.937E-12  0.000E+00  8.507E-11
 6.950E+00  7.466E-11  6.585E-12  0.000E+00  8.124E-11
 7.000E+00  7.157E-11  6.248E-12  0.000E+00  7.782E-11
 7.050E+00  6.848E-11  5.929E-12  0.000E+00  7.440E-11
 7.100E+00  6.534E-11  5.625E-12  0.000E+00  7.097E-11
 7.150E+00  6.218E-11  5.337E-12  0.000E+00  6.751E-11
 7.200E+00  5.891E-11  5.062E-12  0.000E+00  6.397E-11
 7.250E+00  5.554E-11  4.802E-12  0.000E+00  6.034E-11
 7.300E+00  5.221E-11  4.555E-12  0.000E+00  5.676E-11
 7.350E+00  4.894E-11  4.321E-12  0.000E+00  5.326E-11
 7.400E+00  4.600E-11  4.096E-12  0.000E+00  5.010E-11
 7.450E+00  4.351E-11  3.884E-12  0.000E+00  4.740E-11
 7.500E+00  4.130E-11  3.683E-12  0.000E+00  4.499E-11
 7.550E+00  3.921E-11  3.493E-12  0.000E+00  4.270E-11
 7.600E+00  3.709E-11  3.310E-12  0.000E+00  4.040E-11
 7.650E+00  3.495E-11  3.139E-12  0.000E+00  3.809E-11
 7.700E+00  3.279E-11  2.974E-12  0.000E+00  3.576E-11
 7.750E+00  3.061E-11  2.819E-12  0.000E+00  3.343E-11
 7.800E+00  2.851E-11  2.672E-12  0.000E+00  3.118E-11
 7.850E+00  2.691E-11  2.533E-12  0.000E+00  2.945E-11
 7.900E+00  2.542E-11  2.399E-12  0.000E+00  2.782E-11
 7.950E+00  2.390E-11  2.274E-12  0.000E+00  2.617E-11
 8.000E+00  2.239E-11  2.154E-12  0.000E+00  2.454E-11
 8.050E+00  2.091E-11  2.040E-12  0.000E+00  2.295E-11
 8.100E+00  1.956E-11  1.934E-12  0.000E+00  2.149E-11
 8.150E+00  1.823E-11  1.830E-12  0.000E+00  2.006E-11
 8.200E+00  1.692E-11  1.734E-12  0.000E+00  1.865E-11
 8.250E+00  1.561E-11  1.644E-12  0.000E+00  1.725E-11
 8.300E+00  1.431E-11  1.555E-12  0.000E+00  1.586E-11
 8.350E+00  1.323E-11  1.473E-12  0.000E+00  1.470E-11
 8.400E+00  1.255E-11  1.395E-12  0.000E+00  1.395E-11
 8.450E+00  1.188E-11  1.321E-12  0.000E+00  1.320E-11
 8.500E+00  1.120E-11  1.251E-12  0.000E+00  1.245E-11
 8.550E+00  1.056E-11  1.184E-12  0.000E+00  1.175E-11
 8.600E+00  1.005E-11  1.121E-12  0.000E+00  1.117E-11
 8.650E+00  9.556E-12  1.061E-12  0.000E+00  1.062E-11
 8.700E+00  9.058E-12  1.005E-12  0.000E+00  1.006E-11
 8.750E+00  8.561E-12  9.503E-13  0.000E+00  9.511E-12
 8.800E+00  8.064E-12  8.992E-13  0.000E+00  8.963E-12
 8.850E+00  7.569E-12  8.511E-13  0.000E+00  8.420E-12
 8.900E+00  7.078E-12  8.061E-13  0.000E+00  7.884E-12
 8.950E+00  6.591E-12  7.628E-13  0.000E+00  7.353E-12
 9.000E+00  6.107E-12  7.210E-13  0.000E+00  6.828E-12
 9.050E+00  5.629E-12  6.820E-13  0.000E+00  6.311E-12
 9.100E+00  5.158E-12  6.457E-13  0.000E+00  5.803E-12
 9.150E+00  4.692E-12  6.107E-13  0.000E+00  5.303E-12
 9.200E+00  4.237E-12  5.783E-13  0.000E+00  4.816E-12
 9.250E+00  3.860E-12  5.459E-13  0.000E+00  4.406E-12
 9.300E+00  3.534E-12  5.171E-13  0.000E+00  4.051E-12
 9.350E+00  3.216E-12  4.895E-13  0.000E+00  3.706E-12
 9.400E+00  2.903E-12  4.629E-13  0.000E+00  3.366E-12
 9.450E+00  2.594E-12  4.373E-13  0.000E+00  3.031E-12
 9.500E+00  2.287E-12  4.126E-13  0.000E+00  2.700E-12
 9.550E+00  1.985E-12  3.913E-13  0.000E+00  2.376E-12
 9.600E+00  1.686E-12  3.697E-13  0.000E+00  2.056E-12
 9.650E+00  1.443E-12  3.501E-13  0.000E+00  1.793E-12
 9.700E+00  1.293E-12  3.300E-13  0.000E+00  1.623E-12
 9.750E+00  1.146E-12  3.119E-13  0.000E+00  1.458E-12
 9.800E+00  1.001E-12  2.957E-13  0.000E+00  1.296E-12
 9.850E+00  8.576E-13  2.790E-13  0.000E+00  1.137E-12
 9.900E+00  7.165E-13  2.641E-13  0.000E+00  9.806E-13
 9.950E+00  5.774E-13  2.498E-13  0.000E+00  8.272E-13
 1.000E+01  4.403E-13  2.361E-13  0.000E+00  6.764E-13
 1.005E+01  3.059E-13  2.228E-13  0.000E+00  5.287E-13
 1.010E+01  1.739E-13  2.101E-13  0.000E+00  3.840E-13
 1.015E+01  4.585E-14  1.992E-13  0.000E+00  2.450E-13
 1.020E+01  1.489E-18  1.874E-13  0.000E+00  1.874E-13
 1.025E+01  1.338E-18  1.786E-13  0.000E+00  1.786E-13
 1.030E+01  1.191E-18  1.676E-13  0.000E+00  1.676E-13
 1.035E+01  1.047E-18  1.583E-13  0.000E+00  1.583E-13
 1.040E+01  9.060E-19  1.493E-13  0.000E+00  1.493E-13
 1.045E+01  7.683E-19  1.420E-13  0.000E+00  1.420E-13
 1.050E+01  6.335E-19  1.337E-13  0.000E+00  1.337E-13
 1.055E+01  5.006E-19  1.257E-13  0.000E+00  1.257E-13
 1.060E+01  3.693E-19  1.193E-13  0.000E+00  1.193E-13
 1.065E+01  2.397E-19  1.132E-13  0.000E+00  1.132E-13
 1.070E+01  1.119E-19  1.061E-13  0.000E+00  1.061E-13
 1.075E+01  9.372E-21  1.004E-13  0.000E+00  1.004E-13
 1.080E+01  0.000E+00  9.506E-14  0.000E+00  9.506E-14
 1.085E+01  0.000E+00  8.989E-14  0.000E+00  8.989E-14
 1.090E+01  0.000E+00  8.494E-14  0.000E+00  8.494E-14
 1.095E+01  0.000E+00  7.889E-14  0.000E+00  7.889E-14
 1.100E+01  0.000E+00  7.562E-14  0.000E+00  7.562E-14
 1.105E+01  0.000E+00  7.123E-14  0.000E+00  7.123E-14
 1.110E+01  0.000E+00  6.830E-14  0.000E+00  6.830E-14
 1.115E+01  0.000E+00  6.294E-14  0.000E+00  6.294E-14
 1.120E+01  0.000E+00  6.032E-14  0.000E+00  6.032E-14
 1.125E+01  0.000E+00  5.655E-14  0.000E+00  5.655E-14
 1.130E+01  0.000E+00  5.291E-14  0.000E+00  5.291E-14
 1.135E+01  0.000E+00  5.070E-14  0.000E+00  5.070E-14
 1.140E+01  0.000E+00  4.731E-14  0.000E+00  4.731E-14
 1.145E+01  0.000E+00  4.534E-14  0.000E+00  4.534E-14
 1.150E+01  0.000E+00  4.217E-14  0.000E+00  4.217E-14
 1.155E+01  0.000E+00  4.040E-14  0.000E+00  4.040E-14
 1.160E+01  0.000E+00  3.744E-14  0.000E+00  3.744E-14
 1.165E+01  0.000E+00  3.586E-14  0.000E+00  3.586E-14
 1.170E+01  0.000E+00  3.307E-14  0.000E+00  3.307E-14
 1.175E+01  0.000E+00  3.166E-14  0.000E+00  3.166E-14
 1.180E+01  0.000E+00  3.033E-14  0.000E+00  3.033E-14
 1.185E+01  0.000E+00  2.778E-14  0.000E+00  2.778E-14
 1.190E+01  0.000E+00  2.659E-14  0.000E+00  2.659E-14
 1.195E+01  0.000E+00  2.546E-14  0.000E+00  2.546E-14
 1.200E+01  0.000E+00  2.440E-14  0.000E+00  2.440E-14
 Total      1.551E-07  4.346E-08  0.000E+00  1.985E-07
