SNOLAB - NORITE U238
1 2 1
10 0
 6   0.000524
 8   0.626263949
 11  0.015683355
 12  0.05225612
 13  0.046696
 14  0.200747451
 19  0.0052
 20  0.01793973
 25  0.000382
 26  0.023909239

240 12.0 0.0

13
   922380       8.07E+15
   922340	4.44E+11
   902300	1.36E+11
   882260	2.89E+09
   862220	1.89E+04
   842180	1.06E+01
   852180	7.33E-02
   862180       1.93E-03
   832140	6.84E+01
   842140	9.37E-06
   822100	4.01E+07
   832100	2.48E+04
   842100	6.85E+05

24 4000
 00060130  5.5544E-06
 00080170  0.000240485
 00080180  0.001283841
 00110230  0.015683355
 00120240  0.041282335
 00120250  0.005225612
 00120260  0.005748173
 00130270  0.046696
 00140280  0.18508915
 00140290  0.000937491
 00140300  0.000616295
 00190390  0.0048516
 00190400  0.000117
 00190410  0.000034996
 00200420  0.00011607
 00200430  2.42186E-05
 00200440  0.00037494
 00200460  7.17589E-07
 00200480  0.00187
 00250550  0.000382
 00260540  0.00139869
 00260560  0.021948681
 00260570  0.000506876
 00260580  6.69459E-05

