SOURCES 4C Calculation
<<<<<<<<<<<>>>>>>>>>>>



                      Summary of Input
                      ================
 
Title: SNOLAB - SHOTCRETE Th232                                                     
Homogeneous problem input (idd = 1)
Magnitudes and spectra computed (id = 2)
Ascending energy structure for output (erg =  1)
Number of elemental constituents: 12
Solid stopping cross-sections used (isg = 0)
 
Elemental Constituents:
 
  Z-value  Atom Fraction
  -------  -------------
      1     0.0084199999
      6     0.0007020000
      8     0.6315420270
     11     0.0205940008
     12     0.0103500001
     13     0.0470930003
     14     0.2097620070
     19     0.0094999997
     20     0.0502079986
     22     0.0008640000
     25     0.0014160000
     26     0.0095480001
 
Number of neutron spectrum energy groups: 240
Maximum neutron energy is  1.200E+01 MeV.
Minimum neutron energy is  0.000E+00 MeV.
 
Energy Group Structure:
 
  Group  Upper-Bound  Lower-Bound
  -----  -----------  -----------
     1     1.200E+01    1.195E+01
     2     1.195E+01    1.190E+01
     3     1.190E+01    1.185E+01
     4     1.185E+01    1.180E+01
     5     1.180E+01    1.175E+01
     6     1.175E+01    1.170E+01
     7     1.170E+01    1.165E+01
     8     1.165E+01    1.160E+01
     9     1.160E+01    1.155E+01
    10     1.155E+01    1.150E+01
    11     1.150E+01    1.145E+01
    12     1.145E+01    1.140E+01
    13     1.140E+01    1.135E+01
    14     1.135E+01    1.130E+01
    15     1.130E+01    1.125E+01
    16     1.125E+01    1.120E+01
    17     1.120E+01    1.115E+01
    18     1.115E+01    1.110E+01
    19     1.110E+01    1.105E+01
    20     1.105E+01    1.100E+01
    21     1.100E+01    1.095E+01
    22     1.095E+01    1.090E+01
    23     1.090E+01    1.085E+01
    24     1.085E+01    1.080E+01
    25     1.080E+01    1.075E+01
    26     1.075E+01    1.070E+01
    27     1.070E+01    1.065E+01
    28     1.065E+01    1.060E+01
    29     1.060E+01    1.055E+01
    30     1.055E+01    1.050E+01
    31     1.050E+01    1.045E+01
    32     1.045E+01    1.040E+01
    33     1.040E+01    1.035E+01
    34     1.035E+01    1.030E+01
    35     1.030E+01    1.025E+01
    36     1.025E+01    1.020E+01
    37     1.020E+01    1.015E+01
    38     1.015E+01    1.010E+01
    39     1.010E+01    1.005E+01
    40     1.005E+01    1.000E+01
    41     1.000E+01    9.950E+00
    42     9.950E+00    9.900E+00
    43     9.900E+00    9.850E+00
    44     9.850E+00    9.800E+00
    45     9.800E+00    9.750E+00
    46     9.750E+00    9.700E+00
    47     9.700E+00    9.650E+00
    48     9.650E+00    9.600E+00
    49     9.600E+00    9.550E+00
    50     9.550E+00    9.500E+00
    51     9.500E+00    9.450E+00
    52     9.450E+00    9.400E+00
    53     9.400E+00    9.350E+00
    54     9.350E+00    9.300E+00
    55     9.300E+00    9.250E+00
    56     9.250E+00    9.200E+00
    57     9.200E+00    9.150E+00
    58     9.150E+00    9.100E+00
    59     9.100E+00    9.050E+00
    60     9.050E+00    9.000E+00
    61     9.000E+00    8.950E+00
    62     8.950E+00    8.900E+00
    63     8.900E+00    8.850E+00
    64     8.850E+00    8.800E+00
    65     8.800E+00    8.750E+00
    66     8.750E+00    8.700E+00
    67     8.700E+00    8.650E+00
    68     8.650E+00    8.600E+00
    69     8.600E+00    8.550E+00
    70     8.550E+00    8.500E+00
    71     8.500E+00    8.450E+00
    72     8.450E+00    8.400E+00
    73     8.400E+00    8.350E+00
    74     8.350E+00    8.300E+00
    75     8.300E+00    8.250E+00
    76     8.250E+00    8.200E+00
    77     8.200E+00    8.150E+00
    78     8.150E+00    8.100E+00
    79     8.100E+00    8.050E+00
    80     8.050E+00    8.000E+00
    81     8.000E+00    7.950E+00
    82     7.950E+00    7.900E+00
    83     7.900E+00    7.850E+00
    84     7.850E+00    7.800E+00
    85     7.800E+00    7.750E+00
    86     7.750E+00    7.700E+00
    87     7.700E+00    7.650E+00
    88     7.650E+00    7.600E+00
    89     7.600E+00    7.550E+00
    90     7.550E+00    7.500E+00
    91     7.500E+00    7.450E+00
    92     7.450E+00    7.400E+00
    93     7.400E+00    7.350E+00
    94     7.350E+00    7.300E+00
    95     7.300E+00    7.250E+00
    96     7.250E+00    7.200E+00
    97     7.200E+00    7.150E+00
    98     7.150E+00    7.100E+00
    99     7.100E+00    7.050E+00
   100     7.050E+00    7.000E+00
   101     7.000E+00    6.950E+00
   102     6.950E+00    6.900E+00
   103     6.900E+00    6.850E+00
   104     6.850E+00    6.800E+00
   105     6.800E+00    6.750E+00
   106     6.750E+00    6.700E+00
   107     6.700E+00    6.650E+00
   108     6.650E+00    6.600E+00
   109     6.600E+00    6.550E+00
   110     6.550E+00    6.500E+00
   111     6.500E+00    6.450E+00
   112     6.450E+00    6.400E+00
   113     6.400E+00    6.350E+00
   114     6.350E+00    6.300E+00
   115     6.300E+00    6.250E+00
   116     6.250E+00    6.200E+00
   117     6.200E+00    6.150E+00
   118     6.150E+00    6.100E+00
   119     6.100E+00    6.050E+00
   120     6.050E+00    6.000E+00
   121     6.000E+00    5.950E+00
   122     5.950E+00    5.900E+00
   123     5.900E+00    5.850E+00
   124     5.850E+00    5.800E+00
   125     5.800E+00    5.750E+00
   126     5.750E+00    5.700E+00
   127     5.700E+00    5.650E+00
   128     5.650E+00    5.600E+00
   129     5.600E+00    5.550E+00
   130     5.550E+00    5.500E+00
   131     5.500E+00    5.450E+00
   132     5.450E+00    5.400E+00
   133     5.400E+00    5.350E+00
   134     5.350E+00    5.300E+00
   135     5.300E+00    5.250E+00
   136     5.250E+00    5.200E+00
   137     5.200E+00    5.150E+00
   138     5.150E+00    5.100E+00
   139     5.100E+00    5.050E+00
   140     5.050E+00    5.000E+00
   141     5.000E+00    4.950E+00
   142     4.950E+00    4.900E+00
   143     4.900E+00    4.850E+00
   144     4.850E+00    4.800E+00
   145     4.800E+00    4.750E+00
   146     4.750E+00    4.700E+00
   147     4.700E+00    4.650E+00
   148     4.650E+00    4.600E+00
   149     4.600E+00    4.550E+00
   150     4.550E+00    4.500E+00
   151     4.500E+00    4.450E+00
   152     4.450E+00    4.400E+00
   153     4.400E+00    4.350E+00
   154     4.350E+00    4.300E+00
   155     4.300E+00    4.250E+00
   156     4.250E+00    4.200E+00
   157     4.200E+00    4.150E+00
   158     4.150E+00    4.100E+00
   159     4.100E+00    4.050E+00
   160     4.050E+00    4.000E+00
   161     4.000E+00    3.950E+00
   162     3.950E+00    3.900E+00
   163     3.900E+00    3.850E+00
   164     3.850E+00    3.800E+00
   165     3.800E+00    3.750E+00
   166     3.750E+00    3.700E+00
   167     3.700E+00    3.650E+00
   168     3.650E+00    3.600E+00
   169     3.600E+00    3.550E+00
   170     3.550E+00    3.500E+00
   171     3.500E+00    3.450E+00
   172     3.450E+00    3.400E+00
   173     3.400E+00    3.350E+00
   174     3.350E+00    3.300E+00
   175     3.300E+00    3.250E+00
   176     3.250E+00    3.200E+00
   177     3.200E+00    3.150E+00
   178     3.150E+00    3.100E+00
   179     3.100E+00    3.050E+00
   180     3.050E+00    3.000E+00
   181     3.000E+00    2.950E+00
   182     2.950E+00    2.900E+00
   183     2.900E+00    2.850E+00
   184     2.850E+00    2.800E+00
   185     2.800E+00    2.750E+00
   186     2.750E+00    2.700E+00
   187     2.700E+00    2.650E+00
   188     2.650E+00    2.600E+00
   189     2.600E+00    2.550E+00
   190     2.550E+00    2.500E+00
   191     2.500E+00    2.450E+00
   192     2.450E+00    2.400E+00
   193     2.400E+00    2.350E+00
   194     2.350E+00    2.300E+00
   195     2.300E+00    2.250E+00
   196     2.250E+00    2.200E+00
   197     2.200E+00    2.150E+00
   198     2.150E+00    2.100E+00
   199     2.100E+00    2.050E+00
   200     2.050E+00    2.000E+00
   201     2.000E+00    1.950E+00
   202     1.950E+00    1.900E+00
   203     1.900E+00    1.850E+00
   204     1.850E+00    1.800E+00
   205     1.800E+00    1.750E+00
   206     1.750E+00    1.700E+00
   207     1.700E+00    1.650E+00
   208     1.650E+00    1.600E+00
   209     1.600E+00    1.550E+00
   210     1.550E+00    1.500E+00
   211     1.500E+00    1.450E+00
   212     1.450E+00    1.400E+00
   213     1.400E+00    1.350E+00
   214     1.350E+00    1.300E+00
   215     1.300E+00    1.250E+00
   216     1.250E+00    1.200E+00
   217     1.200E+00    1.150E+00
   218     1.150E+00    1.100E+00
   219     1.100E+00    1.050E+00
   220     1.050E+00    1.000E+00
   221     1.000E+00    9.500E-01
   222     9.500E-01    9.000E-01
   223     9.000E-01    8.500E-01
   224     8.500E-01    8.000E-01
   225     8.000E-01    7.500E-01
   226     7.500E-01    7.000E-01
   227     7.000E-01    6.500E-01
   228     6.500E-01    6.000E-01
   229     6.000E-01    5.500E-01
   230     5.500E-01    5.000E-01
   231     5.000E-01    4.500E-01
   232     4.500E-01    4.000E-01
   233     4.000E-01    3.500E-01
   234     3.500E-01    3.000E-01
   235     3.000E-01    2.500E-01
   236     2.500E-01    2.000E-01
   237     2.000E-01    1.500E-01
   238     1.500E-01    1.000E-01
   239     1.000E-01    5.000E-02
   239     5.000E-02    0.000E+00
 
Number of source nuclides to be evaluated:  7
 
Source Nuclides:
 
    ZAID     Atom Density (g/cc)
    ----     -------------------
   902320     1.490E+16
   902280     2.040E+06
   882240     1.060E+04
   862200     1.870E+00
   842160     4.860E-03
   832120     1.220E+02
   842120     9.930E-09
 
Number of target nuclides to be used: 29
 4000 Alpha energy groups used.
 
Target Nuclides:
 
    ZAID     Atom Fraction
    ----     -------------
    60130     7.438E-06
    80170     2.425E-04
    80180     1.295E-03
   110230     2.059E-02
   120240     8.177E-03
   120250     1.035E-03
   120260     1.139E-03
   130270     4.709E-02
   140280     1.934E-01
   140290     9.796E-04
   140300     6.440E-04
   190390     8.864E-03
   190400     1.112E-06
   190410     6.394E-05
   200420     3.248E-04
   200430     6.778E-05
   200440     1.049E-03
   200460     2.008E-06
   200480     9.389E-05
   220460     7.128E-05
   220470     6.428E-05
   220480     6.324E-04
   220490     4.674E-05
   220500     4.475E-05
   250550     1.416E-03
   260540     5.586E-04
   260560     8.765E-03
   260570     2.024E-04
   260580     2.674E-05
 
 


                      Summary of Output
                      =================
 
Total (alpha,n) neutron source from all sources and targets:  8.939E-08 n/sec-cm^3.

Total spontaneous fission neutron source from all sources and targets:  7.029E-13 n/sec-cm^3.

Total delayed neutron source from all sources and targets:  0.000E+00 n/sec-cm^3.

Total neutron source from all sources and targets:  8.939E-08 n/sec-cm^3.

Average (alpha,n) neutron energy:  2.080E+00 MeV.

Average spontaneous fission neutron energy:  0.00000E+00 MeV.

Average delayed neutron energy:  0.000E+00 MeV.

Average neutron energy from all sources:  2.080E+00 MeV.

Normalized Neutron Energy Spectrum by Energy Group for All Sources:
(Note: descending group structure is independent of erg record.)

          Group     Contribution
          -----     ------------
             1        4.083E-11
             2        5.122E-11
             3        6.214E-11
             4        7.467E-11
             5        8.748E-11
             6        1.007E-10
             7        1.138E-10
             8        1.275E-10
             9        1.412E-10
            10        1.552E-10
            11        1.706E-10
            12        1.875E-10
            13        2.049E-10
            14        2.223E-10
            15        2.401E-10
            16        2.585E-10
            17        5.695E-08
            18        1.688E-07
            19        2.829E-07
            20        3.992E-07
            21        5.178E-07
            22        6.386E-07
            23        7.615E-07
            24        8.867E-07
            25        1.014E-06
            26        1.144E-06
            27        1.275E-06
            28        1.409E-06
            29        1.545E-06
            30        1.692E-06
            31        1.850E-06
            32        2.009E-06
            33        2.172E-06
            34        2.338E-06
            35        2.507E-06
            36        2.679E-06
            37        2.855E-06
            38        3.033E-06
            39        3.215E-06
            40        3.399E-06
            41        3.586E-06
            42        3.776E-06
            43        3.969E-06
            44        4.164E-06
            45        4.363E-06
            46        4.565E-06
            47        4.769E-06
            48        4.975E-06
            49        5.184E-06
            50        5.395E-06
            51        5.608E-06
            52        5.823E-06
            53        6.071E-06
            54        6.736E-06
            55        7.555E-06
            56        8.531E-06
            57        9.571E-06
            58        1.062E-05
            59        1.169E-05
            60        1.277E-05
            61        1.386E-05
            62        1.500E-05
            63        1.623E-05
            64        1.747E-05
            65        1.881E-05
            66        2.030E-05
            67        2.180E-05
            68        2.329E-05
            69        2.471E-05
            70        2.622E-05
            71        2.841E-05
            72        3.089E-05
            73        3.339E-05
            74        3.590E-05
            75        3.842E-05
            76        4.096E-05
            77        4.367E-05
            78        4.646E-05
            79        4.924E-05
            80        5.203E-05
            81        5.482E-05
            82        5.771E-05
            83        6.066E-05
            84        6.363E-05
            85        6.660E-05
            86        6.954E-05
            87        7.247E-05
            88        7.544E-05
            89        8.049E-05
            90        8.652E-05
            91        9.253E-05
            92        9.874E-05
            93        1.056E-04
            94        1.125E-04
            95        1.194E-04
            96        1.275E-04
            97        1.385E-04
            98        1.503E-04
            99        1.616E-04
           100        1.725E-04
           101        1.830E-04
           102        1.940E-04
           103        2.056E-04
           104        2.170E-04
           105        2.285E-04
           106        2.403E-04
           107        2.523E-04
           108        2.642E-04
           109        2.762E-04
           110        2.890E-04
           111        3.019E-04
           112        3.148E-04
           113        3.288E-04
           114        3.510E-04
           115        3.775E-04
           116        4.038E-04
           117        4.296E-04
           118        4.552E-04
           119        4.816E-04
           120        5.084E-04
           121        5.353E-04
           122        5.625E-04
           123        5.895E-04
           124        6.164E-04
           125        6.431E-04
           126        6.783E-04
           127        7.422E-04
           128        8.083E-04
           129        8.725E-04
           130        9.354E-04
           131        9.985E-04
           132        1.061E-03
           133        1.123E-03
           134        1.187E-03
           135        1.270E-03
           136        1.360E-03
           137        1.450E-03
           138        1.529E-03
           139        1.606E-03
           140        1.683E-03
           141        1.775E-03
           142        1.890E-03
           143        2.002E-03
           144        2.127E-03
           145        2.255E-03
           146        2.385E-03
           147        2.516E-03
           148        2.651E-03
           149        2.784E-03
           150        2.918E-03
           151        3.052E-03
           152        3.189E-03
           153        3.331E-03
           154        3.476E-03
           155        3.623E-03
           156        3.772E-03
           157        3.943E-03
           158        4.149E-03
           159        4.350E-03
           160        4.521E-03
           161        4.679E-03
           162        4.846E-03
           163        5.016E-03
           164        5.180E-03
           165        5.353E-03
           166        5.543E-03
           167        5.728E-03
           168        5.932E-03
           169        6.195E-03
           170        6.445E-03
           171        6.687E-03
           172        6.898E-03
           173        7.079E-03
           174        7.282E-03
           175        7.506E-03
           176        7.724E-03
           177        7.934E-03
           178        8.130E-03
           179        8.326E-03
           180        8.560E-03
           181        8.854E-03
           182        9.162E-03
           183        9.494E-03
           184        9.819E-03
           185        1.014E-02
           186        1.041E-02
           187        1.069E-02
           188        1.098E-02
           189        1.126E-02
           190        1.154E-02
           191        1.181E-02
           192        1.210E-02
           193        1.241E-02
           194        1.270E-02
           195        1.293E-02
           196        1.315E-02
           197        1.337E-02
           198        1.357E-02
           199        1.378E-02
           200        1.398E-02
           201        1.418E-02
           202        1.438E-02
           203        1.455E-02
           204        1.475E-02
           205        1.493E-02
           206        1.509E-02
           207        1.524E-02
           208        1.539E-02
           209        1.552E-02
           210        1.563E-02
           211        1.573E-02
           212        1.582E-02
           213        1.588E-02
           214        1.591E-02
           215        1.592E-02
           216        1.589E-02
           217        1.583E-02
           218        1.576E-02
           219        1.571E-02
           220        1.566E-02
           221        1.563E-02
           222        1.559E-02
           223        1.550E-02
           224        1.526E-02
           225        1.496E-02
           226        1.462E-02
           227        1.426E-02
           228        1.386E-02
           229        1.341E-02
           230        1.286E-02
           231        1.231E-02
           232        1.172E-02
           233        1.090E-02
           234        9.954E-03
           235        8.949E-03
           236        7.946E-03
           237        6.936E-03
           238        5.813E-03
           239        4.580E-03
           240        2.828E-03

Portion of Total Neutron Source Rate Accounted for in the Total Energy Spectrum:  98.9%.

Portion of Spontaneous Fission Neutron Source Rate Accounted For in the Spontaneous Fission Energy Spectrum:   0.0%.

Warning: Energy Group Structure May Be Poorly Chosen.
