SOURCES 4C Calculation
<<<<<<<<<<<>>>>>>>>>>>


 Title: SNOLAB - SHOTCRETE Th232                                                     
 Neutron Source Spectra in Columnar Format.
 Examine other tape files for additional information.
 Recall the Energy values are bin bounds.


            Normalized Totals (neutrons/sec-basis)
            ==========================================
 E (MeV)    (a,n)      (sf)       (dn)       Total
 ---------  ---------  ---------  ---------  ---------
 0.000E+00  0.000E+00  0.000E+00  0.000E+00  0.000E+00
 5.000E-02  2.828E-03  5.531E-03  0.000E+00  2.828E-03
 1.000E-01  4.580E-03  9.934E-03  0.000E+00  4.580E-03
 1.500E-01  5.813E-03  1.260E-02  0.000E+00  5.813E-03
 2.000E-01  6.936E-03  1.460E-02  0.000E+00  6.936E-03
 2.500E-01  7.946E-03  1.618E-02  0.000E+00  7.946E-03
 3.000E-01  8.949E-03  1.745E-02  0.000E+00  8.949E-03
 3.500E-01  9.954E-03  1.848E-02  0.000E+00  9.954E-03
 4.000E-01  1.090E-02  1.932E-02  0.000E+00  1.090E-02
 4.500E-01  1.172E-02  1.999E-02  0.000E+00  1.172E-02
 5.000E-01  1.231E-02  2.053E-02  0.000E+00  1.231E-02
 5.500E-01  1.286E-02  2.093E-02  0.000E+00  1.286E-02
 6.000E-01  1.341E-02  2.123E-02  0.000E+00  1.341E-02
 6.500E-01  1.386E-02  2.144E-02  0.000E+00  1.386E-02
 7.000E-01  1.426E-02  2.156E-02  0.000E+00  1.426E-02
 7.500E-01  1.462E-02  2.160E-02  0.000E+00  1.462E-02
 8.000E-01  1.496E-02  2.157E-02  0.000E+00  1.496E-02
 8.500E-01  1.526E-02  2.148E-02  0.000E+00  1.526E-02
 9.000E-01  1.549E-02  2.134E-02  0.000E+00  1.550E-02
 9.500E-01  1.559E-02  2.115E-02  0.000E+00  1.559E-02
 1.000E+00  1.563E-02  2.092E-02  0.000E+00  1.563E-02
 1.050E+00  1.566E-02  2.066E-02  0.000E+00  1.566E-02
 1.100E+00  1.571E-02  2.035E-02  0.000E+00  1.571E-02
 1.150E+00  1.576E-02  2.002E-02  0.000E+00  1.576E-02
 1.200E+00  1.583E-02  1.967E-02  0.000E+00  1.583E-02
 1.250E+00  1.589E-02  1.929E-02  0.000E+00  1.589E-02
 1.300E+00  1.592E-02  1.890E-02  0.000E+00  1.592E-02
 1.350E+00  1.591E-02  1.849E-02  0.000E+00  1.591E-02
 1.400E+00  1.588E-02  1.807E-02  0.000E+00  1.588E-02
 1.450E+00  1.582E-02  1.763E-02  0.000E+00  1.582E-02
 1.500E+00  1.573E-02  1.719E-02  0.000E+00  1.573E-02
 1.550E+00  1.563E-02  1.675E-02  0.000E+00  1.563E-02
 1.600E+00  1.552E-02  1.630E-02  0.000E+00  1.552E-02
 1.650E+00  1.539E-02  1.584E-02  0.000E+00  1.539E-02
 1.700E+00  1.524E-02  1.539E-02  0.000E+00  1.524E-02
 1.750E+00  1.509E-02  1.494E-02  0.000E+00  1.509E-02
 1.800E+00  1.493E-02  1.449E-02  0.000E+00  1.493E-02
 1.850E+00  1.475E-02  1.404E-02  0.000E+00  1.475E-02
 1.900E+00  1.455E-02  1.359E-02  0.000E+00  1.455E-02
 1.950E+00  1.438E-02  1.316E-02  0.000E+00  1.438E-02
 2.000E+00  1.418E-02  1.272E-02  0.000E+00  1.418E-02
 2.050E+00  1.398E-02  1.230E-02  0.000E+00  1.398E-02
 2.100E+00  1.378E-02  1.188E-02  0.000E+00  1.378E-02
 2.150E+00  1.357E-02  1.146E-02  0.000E+00  1.357E-02
 2.200E+00  1.337E-02  1.106E-02  0.000E+00  1.337E-02
 2.250E+00  1.315E-02  1.066E-02  0.000E+00  1.315E-02
 2.300E+00  1.293E-02  1.028E-02  0.000E+00  1.293E-02
 2.350E+00  1.270E-02  9.897E-03  0.000E+00  1.270E-02
 2.400E+00  1.241E-02  9.528E-03  0.000E+00  1.241E-02
 2.450E+00  1.210E-02  9.168E-03  0.000E+00  1.210E-02
 2.500E+00  1.181E-02  8.817E-03  0.000E+00  1.181E-02
 2.550E+00  1.154E-02  8.476E-03  0.000E+00  1.154E-02
 2.600E+00  1.126E-02  8.145E-03  0.000E+00  1.126E-02
 2.650E+00  1.098E-02  7.823E-03  0.000E+00  1.098E-02
 2.700E+00  1.069E-02  7.511E-03  0.000E+00  1.069E-02
 2.750E+00  1.041E-02  7.208E-03  0.000E+00  1.041E-02
 2.800E+00  1.014E-02  6.915E-03  0.000E+00  1.014E-02
 2.850E+00  9.819E-03  6.631E-03  0.000E+00  9.819E-03
 2.900E+00  9.494E-03  6.356E-03  0.000E+00  9.494E-03
 2.950E+00  9.162E-03  6.091E-03  0.000E+00  9.162E-03
 3.000E+00  8.854E-03  5.834E-03  0.000E+00  8.854E-03
 3.050E+00  8.560E-03  5.587E-03  0.000E+00  8.560E-03
 3.100E+00  8.326E-03  5.348E-03  0.000E+00  8.326E-03
 3.150E+00  8.130E-03  5.118E-03  0.000E+00  8.130E-03
 3.200E+00  7.934E-03  4.896E-03  0.000E+00  7.934E-03
 3.250E+00  7.724E-03  4.682E-03  0.000E+00  7.724E-03
 3.300E+00  7.507E-03  4.476E-03  0.000E+00  7.506E-03
 3.350E+00  7.282E-03  4.278E-03  0.000E+00  7.282E-03
 3.400E+00  7.079E-03  4.088E-03  0.000E+00  7.079E-03
 3.450E+00  6.898E-03  3.904E-03  0.000E+00  6.898E-03
 3.500E+00  6.687E-03  3.728E-03  0.000E+00  6.687E-03
 3.550E+00  6.445E-03  3.559E-03  0.000E+00  6.445E-03
 3.600E+00  6.195E-03  3.397E-03  0.000E+00  6.195E-03
 3.650E+00  5.932E-03  3.241E-03  0.000E+00  5.932E-03
 3.700E+00  5.728E-03  3.092E-03  0.000E+00  5.728E-03
 3.750E+00  5.543E-03  2.949E-03  0.000E+00  5.543E-03
 3.800E+00  5.353E-03  2.811E-03  0.000E+00  5.353E-03
 3.850E+00  5.180E-03  2.680E-03  0.000E+00  5.180E-03
 3.900E+00  5.016E-03  2.554E-03  0.000E+00  5.016E-03
 3.950E+00  4.846E-03  2.433E-03  0.000E+00  4.846E-03
 4.000E+00  4.679E-03  2.318E-03  0.000E+00  4.679E-03
 4.050E+00  4.521E-03  2.207E-03  0.000E+00  4.521E-03
 4.100E+00  4.350E-03  2.102E-03  0.000E+00  4.350E-03
 4.150E+00  4.149E-03  2.001E-03  0.000E+00  4.149E-03
 4.200E+00  3.943E-03  1.904E-03  0.000E+00  3.943E-03
 4.250E+00  3.772E-03  1.812E-03  0.000E+00  3.772E-03
 4.300E+00  3.623E-03  1.724E-03  0.000E+00  3.623E-03
 4.350E+00  3.476E-03  1.639E-03  0.000E+00  3.476E-03
 4.400E+00  3.331E-03  1.559E-03  0.000E+00  3.331E-03
 4.450E+00  3.189E-03  1.482E-03  0.000E+00  3.189E-03
 4.500E+00  3.052E-03  1.409E-03  0.000E+00  3.052E-03
 4.550E+00  2.918E-03  1.339E-03  0.000E+00  2.918E-03
 4.600E+00  2.784E-03  1.272E-03  0.000E+00  2.784E-03
 4.650E+00  2.651E-03  1.209E-03  0.000E+00  2.651E-03
 4.700E+00  2.516E-03  1.148E-03  0.000E+00  2.516E-03
 4.750E+00  2.385E-03  1.091E-03  0.000E+00  2.385E-03
 4.800E+00  2.255E-03  1.036E-03  0.000E+00  2.255E-03
 4.850E+00  2.127E-03  9.832E-04  0.000E+00  2.127E-03
 4.900E+00  2.002E-03  9.333E-04  0.000E+00  2.002E-03
 4.950E+00  1.890E-03  8.857E-04  0.000E+00  1.890E-03
 5.000E+00  1.775E-03  8.405E-04  0.000E+00  1.775E-03
 5.050E+00  1.683E-03  7.975E-04  0.000E+00  1.683E-03
 5.100E+00  1.606E-03  7.565E-04  0.000E+00  1.606E-03
 5.150E+00  1.529E-03  7.175E-04  0.000E+00  1.529E-03
 5.200E+00  1.450E-03  6.804E-04  0.000E+00  1.450E-03
 5.250E+00  1.360E-03  6.452E-04  0.000E+00  1.360E-03
 5.300E+00  1.270E-03  6.117E-04  0.000E+00  1.270E-03
 5.350E+00  1.187E-03  5.798E-04  0.000E+00  1.187E-03
 5.400E+00  1.123E-03  5.495E-04  0.000E+00  1.123E-03
 5.450E+00  1.061E-03  5.208E-04  0.000E+00  1.061E-03
 5.500E+00  9.985E-04  4.934E-04  0.000E+00  9.985E-04
 5.550E+00  9.354E-04  4.675E-04  0.000E+00  9.354E-04
 5.600E+00  8.725E-04  4.428E-04  0.000E+00  8.725E-04
 5.650E+00  8.083E-04  4.194E-04  0.000E+00  8.083E-04
 5.700E+00  7.422E-04  3.972E-04  0.000E+00  7.422E-04
 5.750E+00  6.783E-04  3.761E-04  0.000E+00  6.783E-04
 5.800E+00  6.431E-04  3.561E-04  0.000E+00  6.431E-04
 5.850E+00  6.164E-04  3.370E-04  0.000E+00  6.164E-04
 5.900E+00  5.895E-04  3.190E-04  0.000E+00  5.895E-04
 5.950E+00  5.625E-04  3.019E-04  0.000E+00  5.625E-04
 6.000E+00  5.353E-04  2.857E-04  0.000E+00  5.353E-04
 6.050E+00  5.084E-04  2.703E-04  0.000E+00  5.084E-04
 6.100E+00  4.816E-04  2.557E-04  0.000E+00  4.816E-04
 6.150E+00  4.552E-04  2.419E-04  0.000E+00  4.552E-04
 6.200E+00  4.296E-04  2.288E-04  0.000E+00  4.296E-04
 6.250E+00  4.038E-04  2.164E-04  0.000E+00  4.038E-04
 6.300E+00  3.775E-04  2.046E-04  0.000E+00  3.775E-04
 6.350E+00  3.510E-04  1.935E-04  0.000E+00  3.510E-04
 6.400E+00  3.288E-04  1.829E-04  0.000E+00  3.288E-04
 6.450E+00  3.148E-04  1.729E-04  0.000E+00  3.148E-04
 6.500E+00  3.019E-04  1.634E-04  0.000E+00  3.019E-04
 6.550E+00  2.890E-04  1.545E-04  0.000E+00  2.890E-04
 6.600E+00  2.762E-04  1.460E-04  0.000E+00  2.762E-04
 6.650E+00  2.642E-04  1.379E-04  0.000E+00  2.642E-04
 6.700E+00  2.523E-04  1.303E-04  0.000E+00  2.523E-04
 6.750E+00  2.403E-04  1.231E-04  0.000E+00  2.403E-04
 6.800E+00  2.285E-04  1.163E-04  0.000E+00  2.285E-04
 6.850E+00  2.170E-04  1.098E-04  0.000E+00  2.170E-04
 6.900E+00  2.056E-04  1.037E-04  0.000E+00  2.056E-04
 6.950E+00  1.940E-04  9.794E-05  0.000E+00  1.940E-04
 7.000E+00  1.830E-04  9.248E-05  0.000E+00  1.830E-04
 7.050E+00  1.725E-04  8.730E-05  0.000E+00  1.725E-04
 7.100E+00  1.616E-04  8.242E-05  0.000E+00  1.616E-04
 7.150E+00  1.503E-04  7.780E-05  0.000E+00  1.503E-04
 7.200E+00  1.385E-04  7.345E-05  0.000E+00  1.385E-04
 7.250E+00  1.275E-04  6.930E-05  0.000E+00  1.275E-04
 7.300E+00  1.194E-04  6.540E-05  0.000E+00  1.194E-04
 7.350E+00  1.125E-04  6.174E-05  0.000E+00  1.125E-04
 7.400E+00  1.056E-04  5.823E-05  0.000E+00  1.056E-04
 7.450E+00  9.874E-05  5.491E-05  0.000E+00  9.874E-05
 7.500E+00  9.253E-05  5.183E-05  0.000E+00  9.253E-05
 7.550E+00  8.652E-05  4.889E-05  0.000E+00  8.652E-05
 7.600E+00  8.049E-05  4.612E-05  0.000E+00  8.049E-05
 7.650E+00  7.544E-05  4.348E-05  0.000E+00  7.544E-05
 7.700E+00  7.247E-05  4.099E-05  0.000E+00  7.247E-05
 7.750E+00  6.954E-05  3.869E-05  0.000E+00  6.954E-05
 7.800E+00  6.660E-05  3.647E-05  0.000E+00  6.660E-05
 7.850E+00  6.363E-05  3.439E-05  0.000E+00  6.363E-05
 7.900E+00  6.066E-05  3.238E-05  0.000E+00  6.066E-05
 7.950E+00  5.771E-05  3.054E-05  0.000E+00  5.771E-05
 8.000E+00  5.482E-05  2.881E-05  0.000E+00  5.482E-05
 8.050E+00  5.203E-05  2.713E-05  0.000E+00  5.203E-05
 8.100E+00  4.924E-05  2.558E-05  0.000E+00  4.924E-05
 8.150E+00  4.646E-05  2.412E-05  0.000E+00  4.646E-05
 8.200E+00  4.367E-05  2.271E-05  0.000E+00  4.367E-05
 8.250E+00  4.096E-05  2.138E-05  0.000E+00  4.096E-05
 8.300E+00  3.843E-05  2.017E-05  0.000E+00  3.842E-05
 8.350E+00  3.590E-05  1.900E-05  0.000E+00  3.590E-05
 8.400E+00  3.339E-05  1.788E-05  0.000E+00  3.339E-05
 8.450E+00  3.089E-05  1.686E-05  0.000E+00  3.089E-05
 8.500E+00  2.841E-05  1.588E-05  0.000E+00  2.841E-05
 8.550E+00  2.622E-05  1.494E-05  0.000E+00  2.622E-05
 8.600E+00  2.471E-05  1.409E-05  0.000E+00  2.471E-05
 8.650E+00  2.329E-05  1.325E-05  0.000E+00  2.329E-05
 8.700E+00  2.180E-05  1.250E-05  0.000E+00  2.180E-05
 8.750E+00  2.030E-05  1.175E-05  0.000E+00  2.030E-05
 8.800E+00  1.881E-05  1.108E-05  0.000E+00  1.881E-05
 8.850E+00  1.747E-05  1.039E-05  0.000E+00  1.747E-05
 8.900E+00  1.623E-05  9.810E-06  0.000E+00  1.623E-05
 8.950E+00  1.500E-05  9.225E-06  0.000E+00  1.500E-05
 9.000E+00  1.386E-05  8.693E-06  0.000E+00  1.386E-05
 9.050E+00  1.277E-05  8.183E-06  0.000E+00  1.277E-05
 9.100E+00  1.169E-05  7.693E-06  0.000E+00  1.169E-05
 9.150E+00  1.062E-05  7.252E-06  0.000E+00  1.062E-05
 9.200E+00  9.571E-06  6.800E-06  0.000E+00  9.571E-06
 9.250E+00  8.531E-06  6.424E-06  0.000E+00  8.531E-06
 9.300E+00  7.555E-06  6.035E-06  0.000E+00  7.555E-06
 9.350E+00  6.736E-06  5.662E-06  0.000E+00  6.736E-06
 9.400E+00  6.071E-06  5.333E-06  0.000E+00  6.071E-06
 9.450E+00  5.823E-06  5.017E-06  0.000E+00  5.823E-06
 9.500E+00  5.608E-06  4.745E-06  0.000E+00  5.608E-06
 9.550E+00  5.395E-06  4.424E-06  0.000E+00  5.395E-06
 9.600E+00  5.184E-06  4.176E-06  0.000E+00  5.184E-06
 9.650E+00  4.975E-06  3.937E-06  0.000E+00  4.975E-06
 9.700E+00  4.769E-06  3.710E-06  0.000E+00  4.769E-06
 9.750E+00  4.565E-06  3.462E-06  0.000E+00  4.565E-06
 9.800E+00  4.363E-06  3.283E-06  0.000E+00  4.363E-06
 9.850E+00  4.164E-06  3.053E-06  0.000E+00  4.164E-06
 9.900E+00  3.969E-06  2.890E-06  0.000E+00  3.969E-06
 9.950E+00  3.776E-06  2.706E-06  0.000E+00  3.776E-06
 1.000E+01  3.586E-06  2.559E-06  0.000E+00  3.586E-06
 1.005E+01  3.399E-06  2.418E-06  0.000E+00  3.399E-06
 1.010E+01  3.215E-06  2.254E-06  0.000E+00  3.215E-06
 1.015E+01  3.033E-06  2.096E-06  0.000E+00  3.033E-06
 1.020E+01  2.855E-06  2.004E-06  0.000E+00  2.855E-06
 1.025E+01  2.679E-06  1.887E-06  0.000E+00  2.679E-06
 1.030E+01  2.507E-06  1.745E-06  0.000E+00  2.507E-06
 1.035E+01  2.338E-06  1.668E-06  0.000E+00  2.338E-06
 1.040E+01  2.172E-06  1.536E-06  0.000E+00  2.172E-06
 1.045E+01  2.009E-06  1.467E-06  0.000E+00  2.009E-06
 1.050E+01  1.850E-06  1.373E-06  0.000E+00  1.850E-06
 1.055E+01  1.692E-06  1.283E-06  0.000E+00  1.692E-06
 1.060E+01  1.545E-06  1.226E-06  0.000E+00  1.545E-06
 1.065E+01  1.409E-06  1.112E-06  0.000E+00  1.409E-06
 1.070E+01  1.275E-06  1.092E-06  0.000E+00  1.275E-06
 1.075E+01  1.144E-06  9.843E-07  0.000E+00  1.144E-06
 1.080E+01  1.014E-06  9.396E-07  0.000E+00  1.014E-06
 1.085E+01  8.867E-07  8.975E-07  0.000E+00  8.867E-07
 1.090E+01  7.615E-07  8.281E-07  0.000E+00  7.615E-07
 1.095E+01  6.386E-07  7.908E-07  0.000E+00  6.386E-07
 1.100E+01  5.178E-07  7.260E-07  0.000E+00  5.178E-07
 1.105E+01  3.992E-07  6.930E-07  0.000E+00  3.992E-07
 1.110E+01  2.829E-07  6.322E-07  0.000E+00  2.829E-07
 1.115E+01  1.688E-07  6.031E-07  0.000E+00  1.688E-07
 1.120E+01  5.694E-08  5.757E-07  0.000E+00  5.695E-08
 1.125E+01  2.541E-10  5.499E-07  0.000E+00  2.585E-10
 1.130E+01  2.362E-10  4.958E-07  0.000E+00  2.401E-10
 1.135E+01  2.186E-10  4.730E-07  0.000E+00  2.223E-10
 1.140E+01  2.013E-10  4.516E-07  0.000E+00  2.049E-10
 1.145E+01  1.844E-10  4.016E-07  0.000E+00  1.875E-10
 1.150E+01  1.676E-10  3.827E-07  0.000E+00  1.706E-10
 1.155E+01  1.523E-10  3.649E-07  0.000E+00  1.552E-10
 1.160E+01  1.385E-10  3.481E-07  0.000E+00  1.412E-10
 1.165E+01  1.249E-10  3.324E-07  0.000E+00  1.275E-10
 1.170E+01  1.115E-10  2.878E-07  0.000E+00  1.138E-10
 1.175E+01  9.836E-11  3.037E-07  0.000E+00  1.007E-10
 1.180E+01  8.543E-11  2.608E-07  0.000E+00  8.748E-11
 1.185E+01  7.271E-11  2.485E-07  0.000E+00  7.467E-11
 1.190E+01  6.028E-11  2.370E-07  0.000E+00  6.214E-11
 1.195E+01  4.945E-11  2.262E-07  0.000E+00  5.122E-11
 1.200E+01  3.937E-11  1.862E-07  0.000E+00  4.083E-11
 Total      9.888E-01  1.000E+00  0.000E+00  9.888E-01

            Absolute Totals (neutrons/sec-basis)
            ==========================================
 E (MeV)    (a,n)      (sf)       (dn)       Total
 ---------  ---------  ---------  ---------  ---------
 0.000E+00  0.000E+00  0.000E+00  0.000E+00  0.000E+00
 5.000E-02  2.528E-10  3.888E-15  0.000E+00  2.528E-10
 1.000E-01  4.094E-10  6.983E-15  0.000E+00  4.094E-10
 1.500E-01  5.196E-10  8.859E-15  0.000E+00  5.196E-10
 2.000E-01  6.199E-10  1.026E-14  0.000E+00  6.199E-10
 2.500E-01  7.103E-10  1.137E-14  0.000E+00  7.103E-10
 3.000E-01  7.999E-10  1.226E-14  0.000E+00  7.999E-10
 3.500E-01  8.898E-10  1.299E-14  0.000E+00  8.898E-10
 4.000E-01  9.747E-10  1.358E-14  0.000E+00  9.747E-10
 4.500E-01  1.047E-09  1.405E-14  0.000E+00  1.047E-09
 5.000E-01  1.101E-09  1.443E-14  0.000E+00  1.101E-09
 5.500E-01  1.150E-09  1.471E-14  0.000E+00  1.150E-09
 6.000E-01  1.198E-09  1.492E-14  0.000E+00  1.198E-09
 6.500E-01  1.239E-09  1.507E-14  0.000E+00  1.239E-09
 7.000E-01  1.274E-09  1.515E-14  0.000E+00  1.274E-09
 7.500E-01  1.307E-09  1.518E-14  0.000E+00  1.307E-09
 8.000E-01  1.337E-09  1.516E-14  0.000E+00  1.337E-09
 8.500E-01  1.364E-09  1.510E-14  0.000E+00  1.364E-09
 9.000E-01  1.385E-09  1.500E-14  0.000E+00  1.385E-09
 9.500E-01  1.394E-09  1.487E-14  0.000E+00  1.394E-09
 1.000E+00  1.397E-09  1.471E-14  0.000E+00  1.397E-09
 1.050E+00  1.400E-09  1.452E-14  0.000E+00  1.400E-09
 1.100E+00  1.404E-09  1.431E-14  0.000E+00  1.404E-09
 1.150E+00  1.409E-09  1.407E-14  0.000E+00  1.409E-09
 1.200E+00  1.415E-09  1.382E-14  0.000E+00  1.415E-09
 1.250E+00  1.421E-09  1.356E-14  0.000E+00  1.421E-09
 1.300E+00  1.423E-09  1.328E-14  0.000E+00  1.423E-09
 1.350E+00  1.422E-09  1.299E-14  0.000E+00  1.422E-09
 1.400E+00  1.420E-09  1.270E-14  0.000E+00  1.420E-09
 1.450E+00  1.414E-09  1.239E-14  0.000E+00  1.414E-09
 1.500E+00  1.406E-09  1.208E-14  0.000E+00  1.406E-09
 1.550E+00  1.397E-09  1.177E-14  0.000E+00  1.397E-09
 1.600E+00  1.387E-09  1.145E-14  0.000E+00  1.387E-09
 1.650E+00  1.375E-09  1.114E-14  0.000E+00  1.375E-09
 1.700E+00  1.362E-09  1.082E-14  0.000E+00  1.362E-09
 1.750E+00  1.349E-09  1.050E-14  0.000E+00  1.349E-09
 1.800E+00  1.334E-09  1.018E-14  0.000E+00  1.335E-09
 1.850E+00  1.318E-09  9.867E-15  0.000E+00  1.318E-09
 1.900E+00  1.301E-09  9.556E-15  0.000E+00  1.301E-09
 1.950E+00  1.285E-09  9.247E-15  0.000E+00  1.285E-09
 2.000E+00  1.267E-09  8.942E-15  0.000E+00  1.267E-09
 2.050E+00  1.250E-09  8.642E-15  0.000E+00  1.250E-09
 2.100E+00  1.232E-09  8.347E-15  0.000E+00  1.232E-09
 2.150E+00  1.213E-09  8.057E-15  0.000E+00  1.213E-09
 2.200E+00  1.195E-09  7.773E-15  0.000E+00  1.195E-09
 2.250E+00  1.176E-09  7.495E-15  0.000E+00  1.176E-09
 2.300E+00  1.156E-09  7.222E-15  0.000E+00  1.156E-09
 2.350E+00  1.135E-09  6.956E-15  0.000E+00  1.135E-09
 2.400E+00  1.109E-09  6.697E-15  0.000E+00  1.109E-09
 2.450E+00  1.082E-09  6.444E-15  0.000E+00  1.082E-09
 2.500E+00  1.056E-09  6.197E-15  0.000E+00  1.056E-09
 2.550E+00  1.031E-09  5.958E-15  0.000E+00  1.031E-09
 2.600E+00  1.007E-09  5.725E-15  0.000E+00  1.007E-09
 2.650E+00  9.812E-10  5.498E-15  0.000E+00  9.812E-10
 2.700E+00  9.555E-10  5.279E-15  0.000E+00  9.555E-10
 2.750E+00  9.309E-10  5.066E-15  0.000E+00  9.310E-10
 2.800E+00  9.067E-10  4.860E-15  0.000E+00  9.067E-10
 2.850E+00  8.777E-10  4.661E-15  0.000E+00  8.777E-10
 2.900E+00  8.487E-10  4.468E-15  0.000E+00  8.487E-10
 2.950E+00  8.190E-10  4.281E-15  0.000E+00  8.190E-10
 3.000E+00  7.914E-10  4.101E-15  0.000E+00  7.914E-10
 3.050E+00  7.652E-10  3.927E-15  0.000E+00  7.652E-10
 3.100E+00  7.443E-10  3.759E-15  0.000E+00  7.443E-10
 3.150E+00  7.267E-10  3.597E-15  0.000E+00  7.267E-10
 3.200E+00  7.092E-10  3.441E-15  0.000E+00  7.092E-10
 3.250E+00  6.904E-10  3.291E-15  0.000E+00  6.904E-10
 3.300E+00  6.710E-10  3.146E-15  0.000E+00  6.710E-10
 3.350E+00  6.509E-10  3.007E-15  0.000E+00  6.509E-10
 3.400E+00  6.328E-10  2.873E-15  0.000E+00  6.328E-10
 3.450E+00  6.166E-10  2.744E-15  0.000E+00  6.166E-10
 3.500E+00  5.977E-10  2.621E-15  0.000E+00  5.977E-10
 3.550E+00  5.761E-10  2.502E-15  0.000E+00  5.761E-10
 3.600E+00  5.538E-10  2.388E-15  0.000E+00  5.538E-10
 3.650E+00  5.302E-10  2.278E-15  0.000E+00  5.302E-10
 3.700E+00  5.120E-10  2.173E-15  0.000E+00  5.120E-10
 3.750E+00  4.955E-10  2.073E-15  0.000E+00  4.955E-10
 3.800E+00  4.785E-10  1.976E-15  0.000E+00  4.785E-10
 3.850E+00  4.631E-10  1.884E-15  0.000E+00  4.631E-10
 3.900E+00  4.484E-10  1.795E-15  0.000E+00  4.484E-10
 3.950E+00  4.331E-10  1.710E-15  0.000E+00  4.331E-10
 4.000E+00  4.182E-10  1.629E-15  0.000E+00  4.182E-10
 4.050E+00  4.041E-10  1.551E-15  0.000E+00  4.041E-10
 4.100E+00  3.888E-10  1.477E-15  0.000E+00  3.888E-10
 4.150E+00  3.709E-10  1.406E-15  0.000E+00  3.709E-10
 4.200E+00  3.524E-10  1.338E-15  0.000E+00  3.524E-10
 4.250E+00  3.372E-10  1.273E-15  0.000E+00  3.372E-10
 4.300E+00  3.238E-10  1.211E-15  0.000E+00  3.238E-10
 4.350E+00  3.107E-10  1.152E-15  0.000E+00  3.107E-10
 4.400E+00  2.977E-10  1.096E-15  0.000E+00  2.977E-10
 4.450E+00  2.851E-10  1.042E-15  0.000E+00  2.851E-10
 4.500E+00  2.728E-10  9.903E-16  0.000E+00  2.728E-10
 4.550E+00  2.609E-10  9.412E-16  0.000E+00  2.609E-10
 4.600E+00  2.489E-10  8.943E-16  0.000E+00  2.489E-10
 4.650E+00  2.369E-10  8.497E-16  0.000E+00  2.369E-10
 4.700E+00  2.249E-10  8.071E-16  0.000E+00  2.249E-10
 4.750E+00  2.132E-10  7.666E-16  0.000E+00  2.132E-10
 4.800E+00  2.016E-10  7.278E-16  0.000E+00  2.016E-10
 4.850E+00  1.901E-10  6.910E-16  0.000E+00  1.901E-10
 4.900E+00  1.789E-10  6.560E-16  0.000E+00  1.789E-10
 4.950E+00  1.689E-10  6.225E-16  0.000E+00  1.689E-10
 5.000E+00  1.587E-10  5.908E-16  0.000E+00  1.587E-10
 5.050E+00  1.505E-10  5.605E-16  0.000E+00  1.505E-10
 5.100E+00  1.435E-10  5.317E-16  0.000E+00  1.435E-10
 5.150E+00  1.367E-10  5.043E-16  0.000E+00  1.367E-10
 5.200E+00  1.296E-10  4.783E-16  0.000E+00  1.296E-10
 5.250E+00  1.216E-10  4.535E-16  0.000E+00  1.216E-10
 5.300E+00  1.135E-10  4.299E-16  0.000E+00  1.135E-10
 5.350E+00  1.061E-10  4.075E-16  0.000E+00  1.061E-10
 5.400E+00  1.004E-10  3.863E-16  0.000E+00  1.004E-10
 5.450E+00  9.484E-11  3.660E-16  0.000E+00  9.484E-11
 5.500E+00  8.925E-11  3.468E-16  0.000E+00  8.925E-11
 5.550E+00  8.361E-11  3.286E-16  0.000E+00  8.361E-11
 5.600E+00  7.799E-11  3.112E-16  0.000E+00  7.799E-11
 5.650E+00  7.225E-11  2.948E-16  0.000E+00  7.225E-11
 5.700E+00  6.635E-11  2.792E-16  0.000E+00  6.635E-11
 5.750E+00  6.063E-11  2.643E-16  0.000E+00  6.063E-11
 5.800E+00  5.748E-11  2.503E-16  0.000E+00  5.748E-11
 5.850E+00  5.510E-11  2.369E-16  0.000E+00  5.510E-11
 5.900E+00  5.270E-11  2.242E-16  0.000E+00  5.270E-11
 5.950E+00  5.028E-11  2.122E-16  0.000E+00  5.028E-11
 6.000E+00  4.785E-11  2.008E-16  0.000E+00  4.785E-11
 6.050E+00  4.544E-11  1.900E-16  0.000E+00  4.544E-11
 6.100E+00  4.305E-11  1.797E-16  0.000E+00  4.305E-11
 6.150E+00  4.069E-11  1.700E-16  0.000E+00  4.069E-11
 6.200E+00  3.840E-11  1.608E-16  0.000E+00  3.840E-11
 6.250E+00  3.609E-11  1.521E-16  0.000E+00  3.609E-11
 6.300E+00  3.375E-11  1.438E-16  0.000E+00  3.375E-11
 6.350E+00  3.137E-11  1.360E-16  0.000E+00  3.137E-11
 6.400E+00  2.939E-11  1.285E-16  0.000E+00  2.939E-11
 6.450E+00  2.814E-11  1.215E-16  0.000E+00  2.814E-11
 6.500E+00  2.699E-11  1.148E-16  0.000E+00  2.699E-11
 6.550E+00  2.583E-11  1.086E-16  0.000E+00  2.583E-11
 6.600E+00  2.469E-11  1.026E-16  0.000E+00  2.469E-11
 6.650E+00  2.362E-11  9.692E-17  0.000E+00  2.362E-11
 6.700E+00  2.255E-11  9.159E-17  0.000E+00  2.255E-11
 6.750E+00  2.148E-11  8.651E-17  0.000E+00  2.148E-11
 6.800E+00  2.042E-11  8.172E-17  0.000E+00  2.042E-11
 6.850E+00  1.940E-11  7.719E-17  0.000E+00  1.940E-11
 6.900E+00  1.838E-11  7.290E-17  0.000E+00  1.838E-11
 6.950E+00  1.734E-11  6.884E-17  0.000E+00  1.734E-11
 7.000E+00  1.635E-11  6.500E-17  0.000E+00  1.635E-11
 7.050E+00  1.542E-11  6.136E-17  0.000E+00  1.542E-11
 7.100E+00  1.444E-11  5.793E-17  0.000E+00  1.444E-11
 7.150E+00  1.343E-11  5.468E-17  0.000E+00  1.343E-11
 7.200E+00  1.238E-11  5.163E-17  0.000E+00  1.238E-11
 7.250E+00  1.140E-11  4.871E-17  0.000E+00  1.140E-11
 7.300E+00  1.068E-11  4.597E-17  0.000E+00  1.068E-11
 7.350E+00  1.006E-11  4.339E-17  0.000E+00  1.006E-11
 7.400E+00  9.441E-12  4.093E-17  0.000E+00  9.441E-12
 7.450E+00  8.826E-12  3.860E-17  0.000E+00  8.826E-12
 7.500E+00  8.271E-12  3.643E-17  0.000E+00  8.271E-12
 7.550E+00  7.733E-12  3.437E-17  0.000E+00  7.734E-12
 7.600E+00  7.194E-12  3.242E-17  0.000E+00  7.194E-12
 7.650E+00  6.743E-12  3.056E-17  0.000E+00  6.743E-12
 7.700E+00  6.478E-12  2.881E-17  0.000E+00  6.478E-12
 7.750E+00  6.216E-12  2.719E-17  0.000E+00  6.216E-12
 7.800E+00  5.953E-12  2.563E-17  0.000E+00  5.953E-12
 7.850E+00  5.688E-12  2.417E-17  0.000E+00  5.688E-12
 7.900E+00  5.422E-12  2.276E-17  0.000E+00  5.422E-12
 7.950E+00  5.158E-12  2.147E-17  0.000E+00  5.158E-12
 8.000E+00  4.900E-12  2.025E-17  0.000E+00  4.900E-12
 8.050E+00  4.651E-12  1.907E-17  0.000E+00  4.651E-12
 8.100E+00  4.402E-12  1.798E-17  0.000E+00  4.402E-12
 8.150E+00  4.153E-12  1.695E-17  0.000E+00  4.153E-12
 8.200E+00  3.904E-12  1.596E-17  0.000E+00  3.904E-12
 8.250E+00  3.662E-12  1.503E-17  0.000E+00  3.662E-12
 8.300E+00  3.435E-12  1.418E-17  0.000E+00  3.435E-12
 8.350E+00  3.209E-12  1.336E-17  0.000E+00  3.209E-12
 8.400E+00  2.984E-12  1.257E-17  0.000E+00  2.984E-12
 8.450E+00  2.761E-12  1.185E-17  0.000E+00  2.761E-12
 8.500E+00  2.540E-12  1.116E-17  0.000E+00  2.540E-12
 8.550E+00  2.343E-12  1.050E-17  0.000E+00  2.343E-12
 8.600E+00  2.208E-12  9.903E-18  0.000E+00  2.208E-12
 8.650E+00  2.082E-12  9.311E-18  0.000E+00  2.082E-12
 8.700E+00  1.949E-12  8.783E-18  0.000E+00  1.949E-12
 8.750E+00  1.814E-12  8.256E-18  0.000E+00  1.814E-12
 8.800E+00  1.681E-12  7.790E-18  0.000E+00  1.681E-12
 8.850E+00  1.562E-12  7.302E-18  0.000E+00  1.562E-12
 8.900E+00  1.451E-12  6.895E-18  0.000E+00  1.451E-12
 8.950E+00  1.341E-12  6.484E-18  0.000E+00  1.341E-12
 9.000E+00  1.239E-12  6.110E-18  0.000E+00  1.239E-12
 9.050E+00  1.141E-12  5.751E-18  0.000E+00  1.141E-12
 9.100E+00  1.045E-12  5.407E-18  0.000E+00  1.045E-12
 9.150E+00  9.496E-13  5.097E-18  0.000E+00  9.496E-13
 9.200E+00  8.555E-13  4.779E-18  0.000E+00  8.555E-13
 9.250E+00  7.626E-13  4.516E-18  0.000E+00  7.626E-13
 9.300E+00  6.753E-13  4.242E-18  0.000E+00  6.753E-13
 9.350E+00  6.021E-13  3.980E-18  0.000E+00  6.021E-13
 9.400E+00  5.427E-13  3.748E-18  0.000E+00  5.427E-13
 9.450E+00  5.205E-13  3.527E-18  0.000E+00  5.205E-13
 9.500E+00  5.012E-13  3.335E-18  0.000E+00  5.012E-13
 9.550E+00  4.822E-13  3.110E-18  0.000E+00  4.822E-13
 9.600E+00  4.634E-13  2.935E-18  0.000E+00  4.634E-13
 9.650E+00  4.447E-13  2.768E-18  0.000E+00  4.447E-13
 9.700E+00  4.263E-13  2.607E-18  0.000E+00  4.263E-13
 9.750E+00  4.080E-13  2.433E-18  0.000E+00  4.080E-13
 9.800E+00  3.900E-13  2.307E-18  0.000E+00  3.900E-13
 9.850E+00  3.722E-13  2.146E-18  0.000E+00  3.722E-13
 9.900E+00  3.547E-13  2.032E-18  0.000E+00  3.547E-13
 9.950E+00  3.375E-13  1.902E-18  0.000E+00  3.375E-13
 1.000E+01  3.206E-13  1.798E-18  0.000E+00  3.206E-13
 1.005E+01  3.038E-13  1.700E-18  0.000E+00  3.038E-13
 1.010E+01  2.874E-13  1.584E-18  0.000E+00  2.874E-13
 1.015E+01  2.711E-13  1.473E-18  0.000E+00  2.711E-13
 1.020E+01  2.552E-13  1.408E-18  0.000E+00  2.552E-13
 1.025E+01  2.395E-13  1.326E-18  0.000E+00  2.395E-13
 1.030E+01  2.241E-13  1.227E-18  0.000E+00  2.241E-13
 1.035E+01  2.090E-13  1.172E-18  0.000E+00  2.090E-13
 1.040E+01  1.941E-13  1.079E-18  0.000E+00  1.941E-13
 1.045E+01  1.796E-13  1.031E-18  0.000E+00  1.796E-13
 1.050E+01  1.653E-13  9.650E-19  0.000E+00  1.653E-13
 1.055E+01  1.512E-13  9.015E-19  0.000E+00  1.512E-13
 1.060E+01  1.381E-13  8.614E-19  0.000E+00  1.381E-13
 1.065E+01  1.259E-13  7.817E-19  0.000E+00  1.259E-13
 1.070E+01  1.140E-13  7.672E-19  0.000E+00  1.140E-13
 1.075E+01  1.022E-13  6.919E-19  0.000E+00  1.022E-13
 1.080E+01  9.064E-14  6.604E-19  0.000E+00  9.064E-14
 1.085E+01  7.926E-14  6.308E-19  0.000E+00  7.926E-14
 1.090E+01  6.807E-14  5.820E-19  0.000E+00  6.807E-14
 1.095E+01  5.708E-14  5.559E-19  0.000E+00  5.708E-14
 1.100E+01  4.628E-14  5.103E-19  0.000E+00  4.628E-14
 1.105E+01  3.569E-14  4.871E-19  0.000E+00  3.569E-14
 1.110E+01  2.529E-14  4.444E-19  0.000E+00  2.529E-14
 1.115E+01  1.509E-14  4.239E-19  0.000E+00  1.509E-14
 1.120E+01  5.090E-15  4.046E-19  0.000E+00  5.090E-15
 1.125E+01  2.272E-17  3.865E-19  0.000E+00  2.310E-17
 1.130E+01  2.111E-17  3.485E-19  0.000E+00  2.146E-17
 1.135E+01  1.954E-17  3.325E-19  0.000E+00  1.987E-17
 1.140E+01  1.800E-17  3.174E-19  0.000E+00  1.831E-17
 1.145E+01  1.648E-17  2.823E-19  0.000E+00  1.676E-17
 1.150E+01  1.498E-17  2.690E-19  0.000E+00  1.525E-17
 1.155E+01  1.361E-17  2.565E-19  0.000E+00  1.387E-17
 1.160E+01  1.238E-17  2.447E-19  0.000E+00  1.262E-17
 1.165E+01  1.116E-17  2.336E-19  0.000E+00  1.140E-17
 1.170E+01  9.968E-18  2.023E-19  0.000E+00  1.017E-17
 1.175E+01  8.792E-18  2.135E-19  0.000E+00  9.006E-18
 1.180E+01  7.636E-18  1.833E-19  0.000E+00  7.819E-18
 1.185E+01  6.500E-18  1.747E-19  0.000E+00  6.674E-18
 1.190E+01  5.388E-18  1.666E-19  0.000E+00  5.555E-18
 1.195E+01  4.420E-18  1.590E-19  0.000E+00  4.579E-18
 1.200E+01  3.519E-18  1.309E-19  0.000E+00  3.650E-18
 Total      8.939E-08  7.029E-13  0.000E+00  8.939E-08
