SOURCES 4C Calculation
<<<<<<<<<<<>>>>>>>>>>>


 Title: SNOLAB - NORITE U238                                                         
 Neutron Source Spectra in Columnar Format.
 Examine other tape files for additional information.
 Recall the Energy values are bin bounds.


            Normalized Totals (neutrons/sec-basis)
            ==========================================
 E (MeV)    (a,n)      (sf)       (dn)       Total
 ---------  ---------  ---------  ---------  ---------
 0.000E+00  0.000E+00  0.000E+00  0.000E+00  0.000E+00
 5.000E-02  3.397E-03  5.276E-03  0.000E+00  3.916E-03
 1.000E-01  5.737E-03  9.455E-03  0.000E+00  6.764E-03
 1.500E-01  7.489E-03  1.197E-02  0.000E+00  8.726E-03
 2.000E-01  9.128E-03  1.384E-02  0.000E+00  1.043E-02
 2.500E-01  1.058E-02  1.532E-02  0.000E+00  1.189E-02
 3.000E-01  1.196E-02  1.650E-02  0.000E+00  1.321E-02
 3.500E-01  1.319E-02  1.747E-02  0.000E+00  1.437E-02
 4.000E-01  1.433E-02  1.825E-02  0.000E+00  1.541E-02
 4.500E-01  1.530E-02  1.888E-02  0.000E+00  1.629E-02
 5.000E-01  1.608E-02  1.939E-02  0.000E+00  1.699E-02
 5.500E-01  1.683E-02  1.978E-02  0.000E+00  1.765E-02
 6.000E-01  1.751E-02  2.007E-02  0.000E+00  1.822E-02
 6.500E-01  1.796E-02  2.027E-02  0.000E+00  1.860E-02
 7.000E-01  1.835E-02  2.040E-02  0.000E+00  1.892E-02
 7.500E-01  1.872E-02  2.046E-02  0.000E+00  1.920E-02
 8.000E-01  1.903E-02  2.046E-02  0.000E+00  1.942E-02
 8.500E-01  1.910E-02  2.040E-02  0.000E+00  1.946E-02
 9.000E-01  1.913E-02  2.030E-02  0.000E+00  1.945E-02
 9.500E-01  1.907E-02  2.015E-02  0.000E+00  1.936E-02
 1.000E+00  1.908E-02  1.996E-02  0.000E+00  1.932E-02
 1.050E+00  1.917E-02  1.974E-02  0.000E+00  1.933E-02
 1.100E+00  1.916E-02  1.949E-02  0.000E+00  1.925E-02
 1.150E+00  1.913E-02  1.921E-02  0.000E+00  1.915E-02
 1.200E+00  1.900E-02  1.891E-02  0.000E+00  1.898E-02
 1.250E+00  1.872E-02  1.859E-02  0.000E+00  1.868E-02
 1.300E+00  1.834E-02  1.825E-02  0.000E+00  1.831E-02
 1.350E+00  1.797E-02  1.789E-02  0.000E+00  1.795E-02
 1.400E+00  1.767E-02  1.753E-02  0.000E+00  1.763E-02
 1.450E+00  1.747E-02  1.715E-02  0.000E+00  1.738E-02
 1.500E+00  1.726E-02  1.676E-02  0.000E+00  1.712E-02
 1.550E+00  1.715E-02  1.637E-02  0.000E+00  1.693E-02
 1.600E+00  1.691E-02  1.597E-02  0.000E+00  1.666E-02
 1.650E+00  1.657E-02  1.557E-02  0.000E+00  1.630E-02
 1.700E+00  1.616E-02  1.517E-02  0.000E+00  1.589E-02
 1.750E+00  1.582E-02  1.477E-02  0.000E+00  1.553E-02
 1.800E+00  1.551E-02  1.436E-02  0.000E+00  1.520E-02
 1.850E+00  1.523E-02  1.396E-02  0.000E+00  1.488E-02
 1.900E+00  1.499E-02  1.356E-02  0.000E+00  1.460E-02
 1.950E+00  1.474E-02  1.316E-02  0.000E+00  1.431E-02
 2.000E+00  1.448E-02  1.277E-02  0.000E+00  1.401E-02
 2.050E+00  1.423E-02  1.238E-02  0.000E+00  1.372E-02
 2.100E+00  1.394E-02  1.200E-02  0.000E+00  1.341E-02
 2.150E+00  1.368E-02  1.162E-02  0.000E+00  1.311E-02
 2.200E+00  1.347E-02  1.125E-02  0.000E+00  1.286E-02
 2.250E+00  1.320E-02  1.088E-02  0.000E+00  1.256E-02
 2.300E+00  1.284E-02  1.052E-02  0.000E+00  1.220E-02
 2.350E+00  1.253E-02  1.017E-02  0.000E+00  1.188E-02
 2.400E+00  1.223E-02  9.824E-03  0.000E+00  1.157E-02
 2.450E+00  1.187E-02  9.486E-03  0.000E+00  1.121E-02
 2.500E+00  1.149E-02  9.156E-03  0.000E+00  1.085E-02
 2.550E+00  1.111E-02  8.834E-03  0.000E+00  1.048E-02
 2.600E+00  1.073E-02  8.519E-03  0.000E+00  1.012E-02
 2.650E+00  1.045E-02  8.213E-03  0.000E+00  9.832E-03
 2.700E+00  1.017E-02  7.915E-03  0.000E+00  9.546E-03
 2.750E+00  9.880E-03  7.624E-03  0.000E+00  9.257E-03
 2.800E+00  9.558E-03  7.341E-03  0.000E+00  8.946E-03
 2.850E+00  9.212E-03  7.067E-03  0.000E+00  8.620E-03
 2.900E+00  8.849E-03  6.800E-03  0.000E+00  8.284E-03
 2.950E+00  8.407E-03  6.541E-03  0.000E+00  7.892E-03
 3.000E+00  7.974E-03  6.290E-03  0.000E+00  7.509E-03
 3.050E+00  7.582E-03  6.047E-03  0.000E+00  7.158E-03
 3.100E+00  7.226E-03  5.811E-03  0.000E+00  6.835E-03
 3.150E+00  6.906E-03  5.583E-03  0.000E+00  6.541E-03
 3.200E+00  6.629E-03  5.363E-03  0.000E+00  6.279E-03
 3.250E+00  6.338E-03  5.149E-03  0.000E+00  6.009E-03
 3.300E+00  6.008E-03  4.942E-03  0.000E+00  5.713E-03
 3.350E+00  5.654E-03  4.743E-03  0.000E+00  5.403E-03
 3.400E+00  5.339E-03  4.550E-03  0.000E+00  5.122E-03
 3.450E+00  5.053E-03  4.364E-03  0.000E+00  4.862E-03
 3.500E+00  4.785E-03  4.185E-03  0.000E+00  4.619E-03
 3.550E+00  4.539E-03  4.012E-03  0.000E+00  4.393E-03
 3.600E+00  4.296E-03  3.845E-03  0.000E+00  4.172E-03
 3.650E+00  4.024E-03  3.684E-03  0.000E+00  3.930E-03
 3.700E+00  3.755E-03  3.529E-03  0.000E+00  3.692E-03
 3.750E+00  3.494E-03  3.380E-03  0.000E+00  3.463E-03
 3.800E+00  3.274E-03  3.236E-03  0.000E+00  3.264E-03
 3.850E+00  3.080E-03  3.098E-03  0.000E+00  3.085E-03
 3.900E+00  2.894E-03  2.965E-03  0.000E+00  2.914E-03
 3.950E+00  2.699E-03  2.837E-03  0.000E+00  2.737E-03
 4.000E+00  2.529E-03  2.714E-03  0.000E+00  2.580E-03
 4.050E+00  2.375E-03  2.596E-03  0.000E+00  2.436E-03
 4.100E+00  2.222E-03  2.483E-03  0.000E+00  2.294E-03
 4.150E+00  2.057E-03  2.374E-03  0.000E+00  2.145E-03
 4.200E+00  1.921E-03  2.269E-03  0.000E+00  2.017E-03
 4.250E+00  1.801E-03  2.168E-03  0.000E+00  1.902E-03
 4.300E+00  1.686E-03  2.072E-03  0.000E+00  1.793E-03
 4.350E+00  1.583E-03  1.980E-03  0.000E+00  1.692E-03
 4.400E+00  1.481E-03  1.891E-03  0.000E+00  1.594E-03
 4.450E+00  1.378E-03  1.806E-03  0.000E+00  1.496E-03
 4.500E+00  1.276E-03  1.724E-03  0.000E+00  1.400E-03
 4.550E+00  1.178E-03  1.646E-03  0.000E+00  1.307E-03
 4.600E+00  1.081E-03  1.571E-03  0.000E+00  1.216E-03
 4.650E+00  9.874E-04  1.500E-03  0.000E+00  1.129E-03
 4.700E+00  9.051E-04  1.431E-03  0.000E+00  1.050E-03
 4.750E+00  8.546E-04  1.365E-03  0.000E+00  9.956E-04
 4.800E+00  8.120E-04  1.302E-03  0.000E+00  9.474E-04
 4.850E+00  7.709E-04  1.242E-03  0.000E+00  9.010E-04
 4.900E+00  7.296E-04  1.185E-03  0.000E+00  8.552E-04
 4.950E+00  6.883E-04  1.129E-03  0.000E+00  8.101E-04
 5.000E+00  6.481E-04  1.077E-03  0.000E+00  7.664E-04
 5.050E+00  6.105E-04  1.026E-03  0.000E+00  7.253E-04
 5.100E+00  5.732E-04  9.781E-04  0.000E+00  6.850E-04
 5.150E+00  5.358E-04  9.321E-04  0.000E+00  6.452E-04
 5.200E+00  4.987E-04  8.880E-04  0.000E+00  6.062E-04
 5.250E+00  4.617E-04  8.460E-04  0.000E+00  5.678E-04
 5.300E+00  4.266E-04  8.058E-04  0.000E+00  5.313E-04
 5.350E+00  3.974E-04  7.675E-04  0.000E+00  4.996E-04
 5.400E+00  3.696E-04  7.308E-04  0.000E+00  4.693E-04
 5.450E+00  3.423E-04  6.958E-04  0.000E+00  4.399E-04
 5.500E+00  3.150E-04  6.625E-04  0.000E+00  4.109E-04
 5.550E+00  2.875E-04  6.306E-04  0.000E+00  3.822E-04
 5.600E+00  2.601E-04  6.002E-04  0.000E+00  3.540E-04
 5.650E+00  2.330E-04  5.712E-04  0.000E+00  3.263E-04
 5.700E+00  2.098E-04  5.435E-04  0.000E+00  3.020E-04
 5.750E+00  1.920E-04  5.171E-04  0.000E+00  2.818E-04
 5.800E+00  1.746E-04  4.919E-04  0.000E+00  2.622E-04
 5.850E+00  1.572E-04  4.679E-04  0.000E+00  2.430E-04
 5.900E+00  1.402E-04  4.450E-04  0.000E+00  2.244E-04
 5.950E+00  1.239E-04  4.232E-04  0.000E+00  2.065E-04
 6.000E+00  1.075E-04  4.024E-04  0.000E+00  1.889E-04
 6.050E+00  9.125E-05  3.826E-04  0.000E+00  1.717E-04
 6.100E+00  7.796E-05  3.637E-04  0.000E+00  1.569E-04
 6.150E+00  6.617E-05  3.457E-04  0.000E+00  1.434E-04
 6.200E+00  5.454E-05  3.286E-04  0.000E+00  1.302E-04
 6.250E+00  4.685E-05  3.123E-04  0.000E+00  1.201E-04
 6.300E+00  4.143E-05  2.967E-04  0.000E+00  1.119E-04
 6.350E+00  3.606E-05  2.820E-04  0.000E+00  1.040E-04
 6.400E+00  3.079E-05  2.679E-04  0.000E+00  9.626E-05
 6.450E+00  2.551E-05  2.545E-04  0.000E+00  8.872E-05
 6.500E+00  2.023E-05  2.417E-04  0.000E+00  8.139E-05
 6.550E+00  1.499E-05  2.296E-04  0.000E+00  7.424E-05
 6.600E+00  1.075E-05  2.180E-04  0.000E+00  6.799E-05
 6.650E+00  9.882E-06  2.070E-04  0.000E+00  6.432E-05
 6.700E+00  9.286E-06  1.966E-04  0.000E+00  6.100E-05
 6.750E+00  8.692E-06  1.866E-04  0.000E+00  5.782E-05
 6.800E+00  8.094E-06  1.772E-04  0.000E+00  5.478E-05
 6.850E+00  7.489E-06  1.682E-04  0.000E+00  5.186E-05
 6.900E+00  6.876E-06  1.596E-04  0.000E+00  4.905E-05
 6.950E+00  6.296E-06  1.515E-04  0.000E+00  4.639E-05
 7.000E+00  5.788E-06  1.438E-04  0.000E+00  4.388E-05
 7.050E+00  5.347E-06  1.364E-04  0.000E+00  4.154E-05
 7.100E+00  4.915E-06  1.294E-04  0.000E+00  3.929E-05
 7.150E+00  4.473E-06  1.228E-04  0.000E+00  3.715E-05
 7.200E+00  4.020E-06  1.165E-04  0.000E+00  3.507E-05
 7.250E+00  3.561E-06  1.105E-04  0.000E+00  3.309E-05
 7.300E+00  3.100E-06  1.048E-04  0.000E+00  3.118E-05
 7.350E+00  2.633E-06  9.942E-05  0.000E+00  2.936E-05
 7.400E+00  2.178E-06  9.426E-05  0.000E+00  2.760E-05
 7.450E+00  1.825E-06  8.938E-05  0.000E+00  2.600E-05
 7.500E+00  1.584E-06  8.476E-05  0.000E+00  2.455E-05
 7.550E+00  1.425E-06  8.037E-05  0.000E+00  2.322E-05
 7.600E+00  1.270E-06  7.616E-05  0.000E+00  2.195E-05
 7.650E+00  1.115E-06  7.223E-05  0.000E+00  2.075E-05
 7.700E+00  9.578E-07  6.844E-05  0.000E+00  1.959E-05
 7.750E+00  7.955E-07  6.486E-05  0.000E+00  1.848E-05
 7.800E+00  6.310E-07  6.149E-05  0.000E+00  1.743E-05
 7.850E+00  4.669E-07  5.829E-05  0.000E+00  1.643E-05
 7.900E+00  2.989E-07  5.520E-05  0.000E+00  1.546E-05
 7.950E+00  2.011E-07  5.233E-05  0.000E+00  1.459E-05
 8.000E+00  1.880E-07  4.956E-05  0.000E+00  1.382E-05
 8.050E+00  1.780E-07  4.694E-05  0.000E+00  1.309E-05
 8.100E+00  1.621E-07  4.450E-05  0.000E+00  1.241E-05
 8.150E+00  1.513E-07  4.212E-05  0.000E+00  1.174E-05
 8.200E+00  1.429E-07  3.990E-05  0.000E+00  1.112E-05
 8.250E+00  1.350E-07  3.783E-05  0.000E+00  1.054E-05
 8.300E+00  1.264E-07  3.579E-05  0.000E+00  9.974E-06
 8.350E+00  1.176E-07  3.389E-05  0.000E+00  9.441E-06
 8.400E+00  1.108E-07  3.210E-05  0.000E+00  8.944E-06
 8.450E+00  1.051E-07  3.039E-05  0.000E+00  8.466E-06
 8.500E+00  9.968E-08  2.879E-05  0.000E+00  8.021E-06
 8.550E+00  9.424E-08  2.725E-05  0.000E+00  7.592E-06
 8.600E+00  8.869E-08  2.579E-05  0.000E+00  7.185E-06
 8.650E+00  8.349E-08  2.441E-05  0.000E+00  6.802E-06
 8.700E+00  7.873E-08  2.312E-05  0.000E+00  6.440E-06
 8.750E+00  7.299E-08  2.187E-05  0.000E+00  6.091E-06
 8.800E+00  6.591E-08  2.069E-05  0.000E+00  5.760E-06
 8.850E+00  5.895E-08  1.958E-05  0.000E+00  5.450E-06
 8.900E+00  5.238E-08  1.855E-05  0.000E+00  5.159E-06
 8.950E+00  4.561E-08  1.755E-05  0.000E+00  4.879E-06
 9.000E+00  3.909E-08  1.659E-05  0.000E+00  4.609E-06
 9.050E+00  3.347E-08  1.569E-05  0.000E+00  4.357E-06
 9.100E+00  3.031E-08  1.486E-05  0.000E+00  4.124E-06
 9.150E+00  2.733E-08  1.405E-05  0.000E+00  3.900E-06
 9.200E+00  2.432E-08  1.331E-05  0.000E+00  3.692E-06
 9.250E+00  2.101E-08  1.256E-05  0.000E+00  3.483E-06
 9.300E+00  1.754E-08  1.190E-05  0.000E+00  3.298E-06
 9.350E+00  1.403E-08  1.126E-05  0.000E+00  3.120E-06
 9.400E+00  1.045E-08  1.065E-05  0.000E+00  2.948E-06
 9.450E+00  6.995E-09  1.006E-05  0.000E+00  2.783E-06
 9.500E+00  3.694E-09  9.493E-06  0.000E+00  2.624E-06
 9.550E+00  5.062E-10  9.005E-06  0.000E+00  2.487E-06
 9.600E+00  4.437E-14  8.506E-06  0.000E+00  2.349E-06
 9.650E+00  3.871E-14  8.056E-06  0.000E+00  2.224E-06
 9.700E+00  3.368E-14  7.593E-06  0.000E+00  2.096E-06
 9.750E+00  2.928E-14  7.176E-06  0.000E+00  1.981E-06
 9.800E+00  2.548E-14  6.805E-06  0.000E+00  1.879E-06
 9.850E+00  2.194E-14  6.419E-06  0.000E+00  1.772E-06
 9.900E+00  1.772E-14  6.077E-06  0.000E+00  1.678E-06
 9.950E+00  1.347E-14  5.748E-06  0.000E+00  1.587E-06
 1.000E+01  9.229E-15  5.432E-06  0.000E+00  1.500E-06
 1.005E+01  5.010E-15  5.128E-06  0.000E+00  1.416E-06
 1.010E+01  1.005E-15  4.835E-06  0.000E+00  1.335E-06
 1.015E+01  0.000E+00  4.583E-06  0.000E+00  1.265E-06
 1.020E+01  0.000E+00  4.311E-06  0.000E+00  1.190E-06
 1.025E+01  0.000E+00  4.109E-06  0.000E+00  1.134E-06
 1.030E+01  0.000E+00  3.856E-06  0.000E+00  1.065E-06
 1.035E+01  0.000E+00  3.642E-06  0.000E+00  1.006E-06
 1.040E+01  0.000E+00  3.436E-06  0.000E+00  9.487E-07
 1.045E+01  0.000E+00  3.268E-06  0.000E+00  9.022E-07
 1.050E+01  0.000E+00  3.077E-06  0.000E+00  8.496E-07
 1.055E+01  0.000E+00  2.893E-06  0.000E+00  7.989E-07
 1.060E+01  0.000E+00  2.746E-06  0.000E+00  7.582E-07
 1.065E+01  0.000E+00  2.605E-06  0.000E+00  7.193E-07
 1.070E+01  0.000E+00  2.440E-06  0.000E+00  6.738E-07
 1.075E+01  0.000E+00  2.311E-06  0.000E+00  6.381E-07
 1.080E+01  0.000E+00  2.187E-06  0.000E+00  6.039E-07
 1.085E+01  0.000E+00  2.068E-06  0.000E+00  5.711E-07
 1.090E+01  0.000E+00  1.955E-06  0.000E+00  5.397E-07
 1.095E+01  0.000E+00  1.815E-06  0.000E+00  5.012E-07
 1.100E+01  0.000E+00  1.740E-06  0.000E+00  4.804E-07
 1.105E+01  0.000E+00  1.639E-06  0.000E+00  4.525E-07
 1.110E+01  0.000E+00  1.572E-06  0.000E+00  4.339E-07
 1.115E+01  0.000E+00  1.448E-06  0.000E+00  3.999E-07
 1.120E+01  0.000E+00  1.388E-06  0.000E+00  3.833E-07
 1.125E+01  0.000E+00  1.301E-06  0.000E+00  3.593E-07
 1.130E+01  0.000E+00  1.218E-06  0.000E+00  3.362E-07
 1.135E+01  0.000E+00  1.167E-06  0.000E+00  3.221E-07
 1.140E+01  0.000E+00  1.089E-06  0.000E+00  3.006E-07
 1.145E+01  0.000E+00  1.043E-06  0.000E+00  2.880E-07
 1.150E+01  0.000E+00  9.704E-07  0.000E+00  2.679E-07
 1.155E+01  0.000E+00  9.297E-07  0.000E+00  2.567E-07
 1.160E+01  0.000E+00  8.615E-07  0.000E+00  2.379E-07
 1.165E+01  0.000E+00  8.251E-07  0.000E+00  2.278E-07
 1.170E+01  0.000E+00  7.610E-07  0.000E+00  2.101E-07
 1.175E+01  0.000E+00  7.286E-07  0.000E+00  2.012E-07
 1.180E+01  0.000E+00  6.979E-07  0.000E+00  1.927E-07
 1.185E+01  0.000E+00  6.391E-07  0.000E+00  1.765E-07
 1.190E+01  0.000E+00  6.117E-07  0.000E+00  1.689E-07
 1.195E+01  0.000E+00  5.859E-07  0.000E+00  1.618E-07
 1.200E+01  0.000E+00  5.614E-07  0.000E+00  1.550E-07
 Total      9.888E-01  1.000E+00  0.000E+00  9.919E-01

            Absolute Totals (neutrons/sec-basis)
            ==========================================
 E (MeV)    (a,n)      (sf)       (dn)       Total
 ---------  ---------  ---------  ---------  ---------
 0.000E+00  0.000E+00  0.000E+00  0.000E+00  0.000E+00
 5.000E-02  3.871E-10  2.293E-10  0.000E+00  6.164E-10
 1.000E-01  6.537E-10  4.109E-10  0.000E+00  1.065E-09
 1.500E-01  8.533E-10  5.202E-10  0.000E+00  1.374E-09
 2.000E-01  1.040E-09  6.016E-10  0.000E+00  1.642E-09
 2.500E-01  1.206E-09  6.656E-10  0.000E+00  1.871E-09
 3.000E-01  1.363E-09  7.172E-10  0.000E+00  2.080E-09
 3.500E-01  1.503E-09  7.591E-10  0.000E+00  2.262E-09
 4.000E-01  1.633E-09  7.932E-10  0.000E+00  2.426E-09
 4.500E-01  1.743E-09  8.206E-10  0.000E+00  2.564E-09
 5.000E-01  1.832E-09  8.425E-10  0.000E+00  2.675E-09
 5.500E-01  1.918E-09  8.595E-10  0.000E+00  2.777E-09
 6.000E-01  1.996E-09  8.721E-10  0.000E+00  2.868E-09
 6.500E-01  2.047E-09  8.811E-10  0.000E+00  2.928E-09
 7.000E-01  2.091E-09  8.866E-10  0.000E+00  2.978E-09
 7.500E-01  2.133E-09  8.892E-10  0.000E+00  3.022E-09
 8.000E-01  2.168E-09  8.891E-10  0.000E+00  3.057E-09
 8.500E-01  2.176E-09  8.866E-10  0.000E+00  3.063E-09
 9.000E-01  2.180E-09  8.821E-10  0.000E+00  3.062E-09
 9.500E-01  2.172E-09  8.756E-10  0.000E+00  3.048E-09
 1.000E+00  2.174E-09  8.675E-10  0.000E+00  3.041E-09
 1.050E+00  2.185E-09  8.578E-10  0.000E+00  3.042E-09
 1.100E+00  2.184E-09  8.469E-10  0.000E+00  3.030E-09
 1.150E+00  2.179E-09  8.348E-10  0.000E+00  3.014E-09
 1.200E+00  2.165E-09  8.217E-10  0.000E+00  2.987E-09
 1.250E+00  2.133E-09  8.077E-10  0.000E+00  2.941E-09
 1.300E+00  2.090E-09  7.930E-10  0.000E+00  2.883E-09
 1.350E+00  2.047E-09  7.776E-10  0.000E+00  2.825E-09
 1.400E+00  2.013E-09  7.617E-10  0.000E+00  2.775E-09
 1.450E+00  1.990E-09  7.453E-10  0.000E+00  2.736E-09
 1.500E+00  1.966E-09  7.285E-10  0.000E+00  2.695E-09
 1.550E+00  1.954E-09  7.115E-10  0.000E+00  2.665E-09
 1.600E+00  1.927E-09  6.942E-10  0.000E+00  2.621E-09
 1.650E+00  1.888E-09  6.768E-10  0.000E+00  2.565E-09
 1.700E+00  1.841E-09  6.593E-10  0.000E+00  2.501E-09
 1.750E+00  1.802E-09  6.418E-10  0.000E+00  2.444E-09
 1.800E+00  1.768E-09  6.242E-10  0.000E+00  2.392E-09
 1.850E+00  1.735E-09  6.068E-10  0.000E+00  2.342E-09
 1.900E+00  1.708E-09  5.894E-10  0.000E+00  2.297E-09
 1.950E+00  1.679E-09  5.721E-10  0.000E+00  2.252E-09
 2.000E+00  1.650E-09  5.550E-10  0.000E+00  2.205E-09
 2.050E+00  1.621E-09  5.381E-10  0.000E+00  2.159E-09
 2.100E+00  1.589E-09  5.214E-10  0.000E+00  2.110E-09
 2.150E+00  1.559E-09  5.050E-10  0.000E+00  2.064E-09
 2.200E+00  1.535E-09  4.888E-10  0.000E+00  2.023E-09
 2.250E+00  1.504E-09  4.729E-10  0.000E+00  1.977E-09
 2.300E+00  1.463E-09  4.573E-10  0.000E+00  1.921E-09
 2.350E+00  1.428E-09  4.419E-10  0.000E+00  1.870E-09
 2.400E+00  1.394E-09  4.270E-10  0.000E+00  1.821E-09
 2.450E+00  1.352E-09  4.123E-10  0.000E+00  1.765E-09
 2.500E+00  1.310E-09  3.979E-10  0.000E+00  1.708E-09
 2.550E+00  1.266E-09  3.839E-10  0.000E+00  1.650E-09
 2.600E+00  1.222E-09  3.702E-10  0.000E+00  1.592E-09
 2.650E+00  1.191E-09  3.569E-10  0.000E+00  1.547E-09
 2.700E+00  1.159E-09  3.440E-10  0.000E+00  1.503E-09
 2.750E+00  1.126E-09  3.313E-10  0.000E+00  1.457E-09
 2.800E+00  1.089E-09  3.191E-10  0.000E+00  1.408E-09
 2.850E+00  1.050E-09  3.071E-10  0.000E+00  1.357E-09
 2.900E+00  1.008E-09  2.955E-10  0.000E+00  1.304E-09
 2.950E+00  9.579E-10  2.843E-10  0.000E+00  1.242E-09
 3.000E+00  9.086E-10  2.734E-10  0.000E+00  1.182E-09
 3.050E+00  8.638E-10  2.628E-10  0.000E+00  1.127E-09
 3.100E+00  8.233E-10  2.526E-10  0.000E+00  1.076E-09
 3.150E+00  7.869E-10  2.426E-10  0.000E+00  1.030E-09
 3.200E+00  7.553E-10  2.331E-10  0.000E+00  9.884E-10
 3.250E+00  7.221E-10  2.238E-10  0.000E+00  9.459E-10
 3.300E+00  6.845E-10  2.148E-10  0.000E+00  8.993E-10
 3.350E+00  6.442E-10  2.061E-10  0.000E+00  8.503E-10
 3.400E+00  6.084E-10  1.978E-10  0.000E+00  8.061E-10
 3.450E+00  5.757E-10  1.897E-10  0.000E+00  7.653E-10
 3.500E+00  5.452E-10  1.819E-10  0.000E+00  7.271E-10
 3.550E+00  5.172E-10  1.743E-10  0.000E+00  6.915E-10
 3.600E+00  4.895E-10  1.671E-10  0.000E+00  6.566E-10
 3.650E+00  4.585E-10  1.601E-10  0.000E+00  6.186E-10
 3.700E+00  4.278E-10  1.534E-10  0.000E+00  5.812E-10
 3.750E+00  3.981E-10  1.469E-10  0.000E+00  5.450E-10
 3.800E+00  3.731E-10  1.406E-10  0.000E+00  5.137E-10
 3.850E+00  3.509E-10  1.346E-10  0.000E+00  4.855E-10
 3.900E+00  3.298E-10  1.289E-10  0.000E+00  4.586E-10
 3.950E+00  3.075E-10  1.233E-10  0.000E+00  4.308E-10
 4.000E+00  2.882E-10  1.180E-10  0.000E+00  4.062E-10
 4.050E+00  2.706E-10  1.128E-10  0.000E+00  3.834E-10
 4.100E+00  2.532E-10  1.079E-10  0.000E+00  3.611E-10
 4.150E+00  2.344E-10  1.032E-10  0.000E+00  3.376E-10
 4.200E+00  2.189E-10  9.861E-11  0.000E+00  3.175E-10
 4.250E+00  2.052E-10  9.424E-11  0.000E+00  2.994E-10
 4.300E+00  1.922E-10  9.005E-11  0.000E+00  2.822E-10
 4.350E+00  1.803E-10  8.603E-11  0.000E+00  2.664E-10
 4.400E+00  1.688E-10  8.218E-11  0.000E+00  2.509E-10
 4.450E+00  1.570E-10  7.848E-11  0.000E+00  2.355E-10
 4.500E+00  1.453E-10  7.494E-11  0.000E+00  2.203E-10
 4.550E+00  1.342E-10  7.154E-11  0.000E+00  2.057E-10
 4.600E+00  1.231E-10  6.829E-11  0.000E+00  1.914E-10
 4.650E+00  1.125E-10  6.518E-11  0.000E+00  1.777E-10
 4.700E+00  1.031E-10  6.219E-11  0.000E+00  1.653E-10
 4.750E+00  9.737E-11  5.933E-11  0.000E+00  1.567E-10
 4.800E+00  9.252E-11  5.660E-11  0.000E+00  1.491E-10
 4.850E+00  8.784E-11  5.398E-11  0.000E+00  1.418E-10
 4.900E+00  8.314E-11  5.148E-11  0.000E+00  1.346E-10
 4.950E+00  7.842E-11  4.908E-11  0.000E+00  1.275E-10
 5.000E+00  7.384E-11  4.679E-11  0.000E+00  1.206E-10
 5.050E+00  6.956E-11  4.460E-11  0.000E+00  1.142E-10
 5.100E+00  6.531E-11  4.251E-11  0.000E+00  1.078E-10
 5.150E+00  6.105E-11  4.051E-11  0.000E+00  1.016E-10
 5.200E+00  5.682E-11  3.859E-11  0.000E+00  9.542E-11
 5.250E+00  5.261E-11  3.677E-11  0.000E+00  8.938E-11
 5.300E+00  4.861E-11  3.502E-11  0.000E+00  8.363E-11
 5.350E+00  4.528E-11  3.335E-11  0.000E+00  7.863E-11
 5.400E+00  4.211E-11  3.176E-11  0.000E+00  7.387E-11
 5.450E+00  3.900E-11  3.024E-11  0.000E+00  6.924E-11
 5.500E+00  3.589E-11  2.879E-11  0.000E+00  6.468E-11
 5.550E+00  3.276E-11  2.740E-11  0.000E+00  6.016E-11
 5.600E+00  2.964E-11  2.608E-11  0.000E+00  5.572E-11
 5.650E+00  2.654E-11  2.482E-11  0.000E+00  5.137E-11
 5.700E+00  2.391E-11  2.362E-11  0.000E+00  4.753E-11
 5.750E+00  2.188E-11  2.247E-11  0.000E+00  4.435E-11
 5.800E+00  1.989E-11  2.138E-11  0.000E+00  4.127E-11
 5.850E+00  1.791E-11  2.033E-11  0.000E+00  3.824E-11
 5.900E+00  1.598E-11  1.934E-11  0.000E+00  3.532E-11
 5.950E+00  1.411E-11  1.839E-11  0.000E+00  3.250E-11
 6.000E+00  1.225E-11  1.749E-11  0.000E+00  2.974E-11
 6.050E+00  1.040E-11  1.663E-11  0.000E+00  2.702E-11
 6.100E+00  8.882E-12  1.581E-11  0.000E+00  2.469E-11
 6.150E+00  7.539E-12  1.502E-11  0.000E+00  2.256E-11
 6.200E+00  6.215E-12  1.428E-11  0.000E+00  2.050E-11
 6.250E+00  5.337E-12  1.357E-11  0.000E+00  1.891E-11
 6.300E+00  4.720E-12  1.290E-11  0.000E+00  1.762E-11
 6.350E+00  4.109E-12  1.225E-11  0.000E+00  1.636E-11
 6.400E+00  3.508E-12  1.164E-11  0.000E+00  1.515E-11
 6.450E+00  2.906E-12  1.106E-11  0.000E+00  1.396E-11
 6.500E+00  2.305E-12  1.051E-11  0.000E+00  1.281E-11
 6.550E+00  1.708E-12  9.977E-12  0.000E+00  1.168E-11
 6.600E+00  1.225E-12  9.476E-12  0.000E+00  1.070E-11
 6.650E+00  1.126E-12  8.997E-12  0.000E+00  1.012E-11
 6.700E+00  1.058E-12  8.544E-12  0.000E+00  9.602E-12
 6.750E+00  9.903E-13  8.111E-12  0.000E+00  9.101E-12
 6.800E+00  9.222E-13  7.700E-12  0.000E+00  8.622E-12
 6.850E+00  8.533E-13  7.309E-12  0.000E+00  8.162E-12
 6.900E+00  7.834E-13  6.937E-12  0.000E+00  7.721E-12
 6.950E+00  7.173E-13  6.585E-12  0.000E+00  7.302E-12
 7.000E+00  6.595E-13  6.248E-12  0.000E+00  6.907E-12
 7.050E+00  6.093E-13  5.929E-12  0.000E+00  6.538E-12
 7.100E+00  5.600E-13  5.625E-12  0.000E+00  6.185E-12
 7.150E+00  5.096E-13  5.337E-12  0.000E+00  5.847E-12
 7.200E+00  4.580E-13  5.062E-12  0.000E+00  5.520E-12
 7.250E+00  4.058E-13  4.802E-12  0.000E+00  5.208E-12
 7.300E+00  3.532E-13  4.555E-12  0.000E+00  4.908E-12
 7.350E+00  3.000E-13  4.321E-12  0.000E+00  4.621E-12
 7.400E+00  2.482E-13  4.096E-12  0.000E+00  4.344E-12
 7.450E+00  2.079E-13  3.884E-12  0.000E+00  4.092E-12
 7.500E+00  1.805E-13  3.683E-12  0.000E+00  3.864E-12
 7.550E+00  1.624E-13  3.493E-12  0.000E+00  3.655E-12
 7.600E+00  1.447E-13  3.310E-12  0.000E+00  3.454E-12
 7.650E+00  1.270E-13  3.139E-12  0.000E+00  3.266E-12
 7.700E+00  1.091E-13  2.974E-12  0.000E+00  3.083E-12
 7.750E+00  9.064E-14  2.819E-12  0.000E+00  2.909E-12
 7.800E+00  7.190E-14  2.672E-12  0.000E+00  2.744E-12
 7.850E+00  5.320E-14  2.533E-12  0.000E+00  2.586E-12
 7.900E+00  3.406E-14  2.399E-12  0.000E+00  2.433E-12
 7.950E+00  2.292E-14  2.274E-12  0.000E+00  2.297E-12
 8.000E+00  2.142E-14  2.154E-12  0.000E+00  2.175E-12
 8.050E+00  2.028E-14  2.040E-12  0.000E+00  2.060E-12
 8.100E+00  1.847E-14  1.934E-12  0.000E+00  1.953E-12
 8.150E+00  1.724E-14  1.830E-12  0.000E+00  1.848E-12
 8.200E+00  1.628E-14  1.734E-12  0.000E+00  1.750E-12
 8.250E+00  1.538E-14  1.644E-12  0.000E+00  1.659E-12
 8.300E+00  1.440E-14  1.555E-12  0.000E+00  1.570E-12
 8.350E+00  1.340E-14  1.473E-12  0.000E+00  1.486E-12
 8.400E+00  1.262E-14  1.395E-12  0.000E+00  1.408E-12
 8.450E+00  1.197E-14  1.321E-12  0.000E+00  1.333E-12
 8.500E+00  1.136E-14  1.251E-12  0.000E+00  1.263E-12
 8.550E+00  1.074E-14  1.184E-12  0.000E+00  1.195E-12
 8.600E+00  1.011E-14  1.121E-12  0.000E+00  1.131E-12
 8.650E+00  9.513E-15  1.061E-12  0.000E+00  1.071E-12
 8.700E+00  8.970E-15  1.005E-12  0.000E+00  1.014E-12
 8.750E+00  8.316E-15  9.503E-13  0.000E+00  9.587E-13
 8.800E+00  7.510E-15  8.992E-13  0.000E+00  9.067E-13
 8.850E+00  6.717E-15  8.511E-13  0.000E+00  8.579E-13
 8.900E+00  5.968E-15  8.061E-13  0.000E+00  8.121E-13
 8.950E+00  5.196E-15  7.628E-13  0.000E+00  7.680E-13
 9.000E+00  4.454E-15  7.210E-13  0.000E+00  7.254E-13
 9.050E+00  3.813E-15  6.820E-13  0.000E+00  6.858E-13
 9.100E+00  3.453E-15  6.457E-13  0.000E+00  6.491E-13
 9.150E+00  3.114E-15  6.107E-13  0.000E+00  6.138E-13
 9.200E+00  2.771E-15  5.783E-13  0.000E+00  5.811E-13
 9.250E+00  2.394E-15  5.459E-13  0.000E+00  5.483E-13
 9.300E+00  1.999E-15  5.171E-13  0.000E+00  5.191E-13
 9.350E+00  1.599E-15  4.895E-13  0.000E+00  4.911E-13
 9.400E+00  1.191E-15  4.629E-13  0.000E+00  4.641E-13
 9.450E+00  7.970E-16  4.373E-13  0.000E+00  4.381E-13
 9.500E+00  4.209E-16  4.126E-13  0.000E+00  4.130E-13
 9.550E+00  5.767E-17  3.913E-13  0.000E+00  3.914E-13
 9.600E+00  5.056E-21  3.697E-13  0.000E+00  3.697E-13
 9.650E+00  4.410E-21  3.501E-13  0.000E+00  3.501E-13
 9.700E+00  3.838E-21  3.300E-13  0.000E+00  3.300E-13
 9.750E+00  3.336E-21  3.119E-13  0.000E+00  3.119E-13
 9.800E+00  2.904E-21  2.957E-13  0.000E+00  2.957E-13
 9.850E+00  2.499E-21  2.790E-13  0.000E+00  2.790E-13
 9.900E+00  2.019E-21  2.641E-13  0.000E+00  2.641E-13
 9.950E+00  1.534E-21  2.498E-13  0.000E+00  2.498E-13
 1.000E+01  1.052E-21  2.361E-13  0.000E+00  2.361E-13
 1.005E+01  5.708E-22  2.228E-13  0.000E+00  2.228E-13
 1.010E+01  1.145E-22  2.101E-13  0.000E+00  2.101E-13
 1.015E+01  0.000E+00  1.992E-13  0.000E+00  1.992E-13
 1.020E+01  0.000E+00  1.874E-13  0.000E+00  1.874E-13
 1.025E+01  0.000E+00  1.786E-13  0.000E+00  1.786E-13
 1.030E+01  0.000E+00  1.676E-13  0.000E+00  1.676E-13
 1.035E+01  0.000E+00  1.583E-13  0.000E+00  1.583E-13
 1.040E+01  0.000E+00  1.493E-13  0.000E+00  1.493E-13
 1.045E+01  0.000E+00  1.420E-13  0.000E+00  1.420E-13
 1.050E+01  0.000E+00  1.337E-13  0.000E+00  1.337E-13
 1.055E+01  0.000E+00  1.257E-13  0.000E+00  1.257E-13
 1.060E+01  0.000E+00  1.193E-13  0.000E+00  1.193E-13
 1.065E+01  0.000E+00  1.132E-13  0.000E+00  1.132E-13
 1.070E+01  0.000E+00  1.061E-13  0.000E+00  1.061E-13
 1.075E+01  0.000E+00  1.004E-13  0.000E+00  1.004E-13
 1.080E+01  0.000E+00  9.506E-14  0.000E+00  9.506E-14
 1.085E+01  0.000E+00  8.989E-14  0.000E+00  8.989E-14
 1.090E+01  0.000E+00  8.494E-14  0.000E+00  8.494E-14
 1.095E+01  0.000E+00  7.889E-14  0.000E+00  7.889E-14
 1.100E+01  0.000E+00  7.562E-14  0.000E+00  7.562E-14
 1.105E+01  0.000E+00  7.123E-14  0.000E+00  7.123E-14
 1.110E+01  0.000E+00  6.830E-14  0.000E+00  6.830E-14
 1.115E+01  0.000E+00  6.294E-14  0.000E+00  6.294E-14
 1.120E+01  0.000E+00  6.032E-14  0.000E+00  6.032E-14
 1.125E+01  0.000E+00  5.655E-14  0.000E+00  5.655E-14
 1.130E+01  0.000E+00  5.291E-14  0.000E+00  5.291E-14
 1.135E+01  0.000E+00  5.070E-14  0.000E+00  5.070E-14
 1.140E+01  0.000E+00  4.731E-14  0.000E+00  4.731E-14
 1.145E+01  0.000E+00  4.534E-14  0.000E+00  4.534E-14
 1.150E+01  0.000E+00  4.217E-14  0.000E+00  4.217E-14
 1.155E+01  0.000E+00  4.040E-14  0.000E+00  4.040E-14
 1.160E+01  0.000E+00  3.744E-14  0.000E+00  3.744E-14
 1.165E+01  0.000E+00  3.586E-14  0.000E+00  3.586E-14
 1.170E+01  0.000E+00  3.307E-14  0.000E+00  3.307E-14
 1.175E+01  0.000E+00  3.166E-14  0.000E+00  3.166E-14
 1.180E+01  0.000E+00  3.033E-14  0.000E+00  3.033E-14
 1.185E+01  0.000E+00  2.778E-14  0.000E+00  2.778E-14
 1.190E+01  0.000E+00  2.659E-14  0.000E+00  2.659E-14
 1.195E+01  0.000E+00  2.546E-14  0.000E+00  2.546E-14
 1.200E+01  0.000E+00  2.440E-14  0.000E+00  2.440E-14
 Total      1.139E-07  4.346E-08  0.000E+00  1.574E-07
