SOURCES 4C Calculation
<<<<<<<<<<<>>>>>>>>>>>



                      Summary of Input
                      ================
 
Title: SNOLAB - NORITE U238                                                         
Homogeneous problem input (idd = 1)
Magnitudes and spectra computed (id = 2)
Ascending energy structure for output (erg =  1)
Number of elemental constituents:  9
Solid stopping cross-sections used (isg = 0)
 
Elemental Constituents:
 
  Z-value  Atom Fraction
  -------  -------------
      6     0.0001869140
      8     0.6594206691
     11     0.0168924164
     13     0.0534999892
     14     0.2133753300
     19     0.0058560949
     20     0.0212833788
     25     0.0004085980
     26     0.0268496089
 
Number of neutron spectrum energy groups: 240
Maximum neutron energy is  1.200E+01 MeV.
Minimum neutron energy is  0.000E+00 MeV.
 
Energy Group Structure:
 
  Group  Upper-Bound  Lower-Bound
  -----  -----------  -----------
     1     1.200E+01    1.195E+01
     2     1.195E+01    1.190E+01
     3     1.190E+01    1.185E+01
     4     1.185E+01    1.180E+01
     5     1.180E+01    1.175E+01
     6     1.175E+01    1.170E+01
     7     1.170E+01    1.165E+01
     8     1.165E+01    1.160E+01
     9     1.160E+01    1.155E+01
    10     1.155E+01    1.150E+01
    11     1.150E+01    1.145E+01
    12     1.145E+01    1.140E+01
    13     1.140E+01    1.135E+01
    14     1.135E+01    1.130E+01
    15     1.130E+01    1.125E+01
    16     1.125E+01    1.120E+01
    17     1.120E+01    1.115E+01
    18     1.115E+01    1.110E+01
    19     1.110E+01    1.105E+01
    20     1.105E+01    1.100E+01
    21     1.100E+01    1.095E+01
    22     1.095E+01    1.090E+01
    23     1.090E+01    1.085E+01
    24     1.085E+01    1.080E+01
    25     1.080E+01    1.075E+01
    26     1.075E+01    1.070E+01
    27     1.070E+01    1.065E+01
    28     1.065E+01    1.060E+01
    29     1.060E+01    1.055E+01
    30     1.055E+01    1.050E+01
    31     1.050E+01    1.045E+01
    32     1.045E+01    1.040E+01
    33     1.040E+01    1.035E+01
    34     1.035E+01    1.030E+01
    35     1.030E+01    1.025E+01
    36     1.025E+01    1.020E+01
    37     1.020E+01    1.015E+01
    38     1.015E+01    1.010E+01
    39     1.010E+01    1.005E+01
    40     1.005E+01    1.000E+01
    41     1.000E+01    9.950E+00
    42     9.950E+00    9.900E+00
    43     9.900E+00    9.850E+00
    44     9.850E+00    9.800E+00
    45     9.800E+00    9.750E+00
    46     9.750E+00    9.700E+00
    47     9.700E+00    9.650E+00
    48     9.650E+00    9.600E+00
    49     9.600E+00    9.550E+00
    50     9.550E+00    9.500E+00
    51     9.500E+00    9.450E+00
    52     9.450E+00    9.400E+00
    53     9.400E+00    9.350E+00
    54     9.350E+00    9.300E+00
    55     9.300E+00    9.250E+00
    56     9.250E+00    9.200E+00
    57     9.200E+00    9.150E+00
    58     9.150E+00    9.100E+00
    59     9.100E+00    9.050E+00
    60     9.050E+00    9.000E+00
    61     9.000E+00    8.950E+00
    62     8.950E+00    8.900E+00
    63     8.900E+00    8.850E+00
    64     8.850E+00    8.800E+00
    65     8.800E+00    8.750E+00
    66     8.750E+00    8.700E+00
    67     8.700E+00    8.650E+00
    68     8.650E+00    8.600E+00
    69     8.600E+00    8.550E+00
    70     8.550E+00    8.500E+00
    71     8.500E+00    8.450E+00
    72     8.450E+00    8.400E+00
    73     8.400E+00    8.350E+00
    74     8.350E+00    8.300E+00
    75     8.300E+00    8.250E+00
    76     8.250E+00    8.200E+00
    77     8.200E+00    8.150E+00
    78     8.150E+00    8.100E+00
    79     8.100E+00    8.050E+00
    80     8.050E+00    8.000E+00
    81     8.000E+00    7.950E+00
    82     7.950E+00    7.900E+00
    83     7.900E+00    7.850E+00
    84     7.850E+00    7.800E+00
    85     7.800E+00    7.750E+00
    86     7.750E+00    7.700E+00
    87     7.700E+00    7.650E+00
    88     7.650E+00    7.600E+00
    89     7.600E+00    7.550E+00
    90     7.550E+00    7.500E+00
    91     7.500E+00    7.450E+00
    92     7.450E+00    7.400E+00
    93     7.400E+00    7.350E+00
    94     7.350E+00    7.300E+00
    95     7.300E+00    7.250E+00
    96     7.250E+00    7.200E+00
    97     7.200E+00    7.150E+00
    98     7.150E+00    7.100E+00
    99     7.100E+00    7.050E+00
   100     7.050E+00    7.000E+00
   101     7.000E+00    6.950E+00
   102     6.950E+00    6.900E+00
   103     6.900E+00    6.850E+00
   104     6.850E+00    6.800E+00
   105     6.800E+00    6.750E+00
   106     6.750E+00    6.700E+00
   107     6.700E+00    6.650E+00
   108     6.650E+00    6.600E+00
   109     6.600E+00    6.550E+00
   110     6.550E+00    6.500E+00
   111     6.500E+00    6.450E+00
   112     6.450E+00    6.400E+00
   113     6.400E+00    6.350E+00
   114     6.350E+00    6.300E+00
   115     6.300E+00    6.250E+00
   116     6.250E+00    6.200E+00
   117     6.200E+00    6.150E+00
   118     6.150E+00    6.100E+00
   119     6.100E+00    6.050E+00
   120     6.050E+00    6.000E+00
   121     6.000E+00    5.950E+00
   122     5.950E+00    5.900E+00
   123     5.900E+00    5.850E+00
   124     5.850E+00    5.800E+00
   125     5.800E+00    5.750E+00
   126     5.750E+00    5.700E+00
   127     5.700E+00    5.650E+00
   128     5.650E+00    5.600E+00
   129     5.600E+00    5.550E+00
   130     5.550E+00    5.500E+00
   131     5.500E+00    5.450E+00
   132     5.450E+00    5.400E+00
   133     5.400E+00    5.350E+00
   134     5.350E+00    5.300E+00
   135     5.300E+00    5.250E+00
   136     5.250E+00    5.200E+00
   137     5.200E+00    5.150E+00
   138     5.150E+00    5.100E+00
   139     5.100E+00    5.050E+00
   140     5.050E+00    5.000E+00
   141     5.000E+00    4.950E+00
   142     4.950E+00    4.900E+00
   143     4.900E+00    4.850E+00
   144     4.850E+00    4.800E+00
   145     4.800E+00    4.750E+00
   146     4.750E+00    4.700E+00
   147     4.700E+00    4.650E+00
   148     4.650E+00    4.600E+00
   149     4.600E+00    4.550E+00
   150     4.550E+00    4.500E+00
   151     4.500E+00    4.450E+00
   152     4.450E+00    4.400E+00
   153     4.400E+00    4.350E+00
   154     4.350E+00    4.300E+00
   155     4.300E+00    4.250E+00
   156     4.250E+00    4.200E+00
   157     4.200E+00    4.150E+00
   158     4.150E+00    4.100E+00
   159     4.100E+00    4.050E+00
   160     4.050E+00    4.000E+00
   161     4.000E+00    3.950E+00
   162     3.950E+00    3.900E+00
   163     3.900E+00    3.850E+00
   164     3.850E+00    3.800E+00
   165     3.800E+00    3.750E+00
   166     3.750E+00    3.700E+00
   167     3.700E+00    3.650E+00
   168     3.650E+00    3.600E+00
   169     3.600E+00    3.550E+00
   170     3.550E+00    3.500E+00
   171     3.500E+00    3.450E+00
   172     3.450E+00    3.400E+00
   173     3.400E+00    3.350E+00
   174     3.350E+00    3.300E+00
   175     3.300E+00    3.250E+00
   176     3.250E+00    3.200E+00
   177     3.200E+00    3.150E+00
   178     3.150E+00    3.100E+00
   179     3.100E+00    3.050E+00
   180     3.050E+00    3.000E+00
   181     3.000E+00    2.950E+00
   182     2.950E+00    2.900E+00
   183     2.900E+00    2.850E+00
   184     2.850E+00    2.800E+00
   185     2.800E+00    2.750E+00
   186     2.750E+00    2.700E+00
   187     2.700E+00    2.650E+00
   188     2.650E+00    2.600E+00
   189     2.600E+00    2.550E+00
   190     2.550E+00    2.500E+00
   191     2.500E+00    2.450E+00
   192     2.450E+00    2.400E+00
   193     2.400E+00    2.350E+00
   194     2.350E+00    2.300E+00
   195     2.300E+00    2.250E+00
   196     2.250E+00    2.200E+00
   197     2.200E+00    2.150E+00
   198     2.150E+00    2.100E+00
   199     2.100E+00    2.050E+00
   200     2.050E+00    2.000E+00
   201     2.000E+00    1.950E+00
   202     1.950E+00    1.900E+00
   203     1.900E+00    1.850E+00
   204     1.850E+00    1.800E+00
   205     1.800E+00    1.750E+00
   206     1.750E+00    1.700E+00
   207     1.700E+00    1.650E+00
   208     1.650E+00    1.600E+00
   209     1.600E+00    1.550E+00
   210     1.550E+00    1.500E+00
   211     1.500E+00    1.450E+00
   212     1.450E+00    1.400E+00
   213     1.400E+00    1.350E+00
   214     1.350E+00    1.300E+00
   215     1.300E+00    1.250E+00
   216     1.250E+00    1.200E+00
   217     1.200E+00    1.150E+00
   218     1.150E+00    1.100E+00
   219     1.100E+00    1.050E+00
   220     1.050E+00    1.000E+00
   221     1.000E+00    9.500E-01
   222     9.500E-01    9.000E-01
   223     9.000E-01    8.500E-01
   224     8.500E-01    8.000E-01
   225     8.000E-01    7.500E-01
   226     7.500E-01    7.000E-01
   227     7.000E-01    6.500E-01
   228     6.500E-01    6.000E-01
   229     6.000E-01    5.500E-01
   230     5.500E-01    5.000E-01
   231     5.000E-01    4.500E-01
   232     4.500E-01    4.000E-01
   233     4.000E-01    3.500E-01
   234     3.500E-01    3.000E-01
   235     3.000E-01    2.500E-01
   236     2.500E-01    2.000E-01
   237     2.000E-01    1.500E-01
   238     1.500E-01    1.000E-01
   239     1.000E-01    5.000E-02
   239     5.000E-02    0.000E+00
 
Number of source nuclides to be evaluated: 13
 
Source Nuclides:
 
    ZAID     Atom Density (g/cc)
    ----     -------------------
   922380     8.070E+15
   922340     4.440E+11
   902300     1.360E+11
   882260     2.890E+09
   862220     1.890E+04
   842180     1.060E+01
   852180     7.330E-02
   862180     1.930E-03
   832140     6.840E+01
   842140     9.370E-06
   822100     4.010E+07
   832100     2.480E+04
   842100     6.850E+05
 
Number of target nuclides to be used: 21
 4000 Alpha energy groups used.
 
Target Nuclides:
 
    ZAID     Atom Fraction
    ----     -------------
    60130     1.981E-06
    80170     2.532E-04
    80180     1.352E-03
   110230     1.689E-02
   130270     5.350E-02
   140280     1.967E-01
   140290     9.965E-04
   140300     6.551E-04
   190390     5.464E-03
   190400     1.170E-04
   190410     3.941E-05
   200420     1.377E-04
   200430     2.873E-05
   200440     4.448E-04
   200460     8.513E-07
   200480     3.980E-05
   250550     4.086E-04
   260540     1.571E-03
   260560     2.465E-02
   260570     5.692E-04
   260580     7.518E-05
 
 


                      Summary of Output
                      =================
 
Total (alpha,n) neutron source from all sources and targets:  1.139E-07 n/sec-cm^3.

Total spontaneous fission neutron source from all sources and targets:  4.346E-08 n/sec-cm^3.

Total delayed neutron source from all sources and targets:  0.000E+00 n/sec-cm^3.

Total neutron source from all sources and targets:  1.574E-07 n/sec-cm^3.

Average (alpha,n) neutron energy:  1.730E+00 MeV.

Average spontaneous fission neutron energy:  1.68813E+00 MeV.

Average delayed neutron energy:  0.000E+00 MeV.

Average neutron energy from all sources:  1.719E+00 MeV.

Normalized Neutron Energy Spectrum by Energy Group for All Sources:
(Note: descending group structure is independent of erg record.)

          Group     Contribution
          -----     ------------
             1        1.550E-07
             2        1.618E-07
             3        1.689E-07
             4        1.765E-07
             5        1.927E-07
             6        2.012E-07
             7        2.101E-07
             8        2.278E-07
             9        2.379E-07
            10        2.567E-07
            11        2.679E-07
            12        2.880E-07
            13        3.006E-07
            14        3.221E-07
            15        3.362E-07
            16        3.593E-07
            17        3.833E-07
            18        3.999E-07
            19        4.339E-07
            20        4.525E-07
            21        4.804E-07
            22        5.012E-07
            23        5.397E-07
            24        5.711E-07
            25        6.039E-07
            26        6.381E-07
            27        6.738E-07
            28        7.193E-07
            29        7.582E-07
            30        7.989E-07
            31        8.496E-07
            32        9.022E-07
            33        9.487E-07
            34        1.006E-06
            35        1.065E-06
            36        1.134E-06
            37        1.190E-06
            38        1.265E-06
            39        1.335E-06
            40        1.416E-06
            41        1.500E-06
            42        1.587E-06
            43        1.678E-06
            44        1.772E-06
            45        1.879E-06
            46        1.981E-06
            47        2.096E-06
            48        2.224E-06
            49        2.349E-06
            50        2.487E-06
            51        2.624E-06
            52        2.783E-06
            53        2.948E-06
            54        3.120E-06
            55        3.298E-06
            56        3.483E-06
            57        3.692E-06
            58        3.900E-06
            59        4.124E-06
            60        4.357E-06
            61        4.609E-06
            62        4.879E-06
            63        5.159E-06
            64        5.450E-06
            65        5.760E-06
            66        6.091E-06
            67        6.440E-06
            68        6.802E-06
            69        7.185E-06
            70        7.592E-06
            71        8.021E-06
            72        8.466E-06
            73        8.944E-06
            74        9.441E-06
            75        9.974E-06
            76        1.054E-05
            77        1.112E-05
            78        1.174E-05
            79        1.241E-05
            80        1.309E-05
            81        1.382E-05
            82        1.459E-05
            83        1.546E-05
            84        1.643E-05
            85        1.743E-05
            86        1.848E-05
            87        1.959E-05
            88        2.075E-05
            89        2.195E-05
            90        2.322E-05
            91        2.455E-05
            92        2.600E-05
            93        2.760E-05
            94        2.936E-05
            95        3.118E-05
            96        3.309E-05
            97        3.507E-05
            98        3.715E-05
            99        3.929E-05
           100        4.154E-05
           101        4.388E-05
           102        4.639E-05
           103        4.905E-05
           104        5.186E-05
           105        5.478E-05
           106        5.782E-05
           107        6.100E-05
           108        6.432E-05
           109        6.799E-05
           110        7.424E-05
           111        8.139E-05
           112        8.872E-05
           113        9.626E-05
           114        1.040E-04
           115        1.119E-04
           116        1.201E-04
           117        1.302E-04
           118        1.434E-04
           119        1.569E-04
           120        1.717E-04
           121        1.889E-04
           122        2.065E-04
           123        2.244E-04
           124        2.430E-04
           125        2.622E-04
           126        2.818E-04
           127        3.020E-04
           128        3.263E-04
           129        3.540E-04
           130        3.822E-04
           131        4.109E-04
           132        4.399E-04
           133        4.693E-04
           134        4.996E-04
           135        5.313E-04
           136        5.678E-04
           137        6.062E-04
           138        6.452E-04
           139        6.850E-04
           140        7.253E-04
           141        7.664E-04
           142        8.101E-04
           143        8.552E-04
           144        9.010E-04
           145        9.474E-04
           146        9.956E-04
           147        1.050E-03
           148        1.129E-03
           149        1.216E-03
           150        1.307E-03
           151        1.400E-03
           152        1.496E-03
           153        1.594E-03
           154        1.692E-03
           155        1.793E-03
           156        1.902E-03
           157        2.017E-03
           158        2.145E-03
           159        2.294E-03
           160        2.436E-03
           161        2.580E-03
           162        2.737E-03
           163        2.914E-03
           164        3.085E-03
           165        3.264E-03
           166        3.463E-03
           167        3.692E-03
           168        3.930E-03
           169        4.172E-03
           170        4.393E-03
           171        4.619E-03
           172        4.862E-03
           173        5.122E-03
           174        5.403E-03
           175        5.713E-03
           176        6.009E-03
           177        6.279E-03
           178        6.541E-03
           179        6.835E-03
           180        7.158E-03
           181        7.509E-03
           182        7.892E-03
           183        8.284E-03
           184        8.620E-03
           185        8.946E-03
           186        9.257E-03
           187        9.546E-03
           188        9.832E-03
           189        1.012E-02
           190        1.048E-02
           191        1.085E-02
           192        1.121E-02
           193        1.157E-02
           194        1.188E-02
           195        1.220E-02
           196        1.256E-02
           197        1.286E-02
           198        1.311E-02
           199        1.341E-02
           200        1.372E-02
           201        1.401E-02
           202        1.431E-02
           203        1.460E-02
           204        1.488E-02
           205        1.520E-02
           206        1.553E-02
           207        1.589E-02
           208        1.630E-02
           209        1.666E-02
           210        1.693E-02
           211        1.712E-02
           212        1.738E-02
           213        1.763E-02
           214        1.795E-02
           215        1.831E-02
           216        1.868E-02
           217        1.898E-02
           218        1.915E-02
           219        1.925E-02
           220        1.933E-02
           221        1.932E-02
           222        1.936E-02
           223        1.945E-02
           224        1.946E-02
           225        1.942E-02
           226        1.920E-02
           227        1.892E-02
           228        1.860E-02
           229        1.822E-02
           230        1.765E-02
           231        1.699E-02
           232        1.629E-02
           233        1.541E-02
           234        1.437E-02
           235        1.321E-02
           236        1.189E-02
           237        1.043E-02
           238        8.726E-03
           239        6.764E-03
           240        3.916E-03

Portion of Total Neutron Source Rate Accounted for in the Total Energy Spectrum:  99.2%.

Portion of Spontaneous Fission Neutron Source Rate Accounted For in the Spontaneous Fission Energy Spectrum: 100.0%.
