  1  branching fractions for product nuclide level formation, 8/7/89 wbw
  2   SOURCES code lebel branchings; data sources:
  3    3-li-7  threshold for 1st. excited level is 5.51 MeV, WAG @ 6.5 MeV
  4    4-be-09, Geiger and Van der Zwan, NRC of Canada PXNR 2404(may, 1976)
  5    5- b-10, GNASH calculations 1988 Bozoian
  6    5- b-10, GNASH calculations 1985 Wilson
  7    5- b-11, GNASH calculations 1988 Bozoian
  8    5- b-11, GNASH calculations 1985 Wilson
  9    6- c-13, GNASH calculations 1988 Bozoian
 10    6- c-13, D.L. Lessor and R.E. Schenter, Battelle Pacific Northwest
 11             Laboratories Report BNWL-B-109(1971)--model calculations--
 12    8- o-17, GNASH calculations 1988 Bozoian
 13    8- o-17, D.L. Lessor and R.E. Schenter, Battelle Pacific Northwest
 14             Laboratories Report BNWL-B-109(1971)--model calculations--
 15            (6.2mev branchings o-17,-18 estimated)
 16    5- o-18, GNASH calculations 1988 Bozoian
 17    8- o-18, D.L. Lessor and R.E. Schenter, Battelle Pacific Northwest
 18             Laboratories Report BNWL-B-109(1971)--model calculations--
 19            (6.2mev branchings o-17,-18 estimated)
 20    9- f-19, GNASH calculations 1983 Wilson
 21   11-Na-23, GNASH calculations 1988 Bozoian
 22   12-Mg-25, GNASH calculations 1988 Bozoian
 23   12-Mg-26, GNASH calculations 1988 Bozoian
 24   13-Al-27, GNASH calculations 1988 Bozoian
 25   14-Si-29, GNASH calculations 1988 Bozoian
 26   14-Si-30, GNASH calculations 1988 Bozoian
 27   15-P -31 threshold for first level is above 6.5 MeV
      17-Cl-37, GNASH calculations 1988 Bozoian
00030070  2  3                Thresholds                  *
-2.79     0.        0.7183
0.        1.        0.
5.51304   1.        0.
6.5       0.8       0.2
00040090  5130                Geiger and Van der Zwan     *
5.70152   0.        4.4391      7.6540    9.641     1.
   .0       .33       .67
  1.5       .33       .67
  1.55      .31       .69
  1.6       .21       .79
  1.65      .18       .82
  1.7       .163      .837
  1.75      .155      .845
  1.8       .165      .835
  1.85      .166      .834
  1.9       .177      .823
  1.95      .211      .789
  2.        .281      .719
  2.05      .381      .619
  2.1       .433      .567
  2.15      .482      .518
  2.2       .541      .459
  2.25      .607      .393
  2.3       .636      .364
  2.35      .661      .339
  2.4       .6        .4
  2.45      .637      .363
  2.5       .594      .406
  2.55      .538      .462
  2.6       .493      .507
  2.65      .436      .564
  2.7       .394      .606
  2.75      .367      .633
  2.8       .367      .633
  2.85      .411      .589
  2.9       .43       .57
  2.95      .445      .555
  3.        .441      .551      .008
  3.05      .402      .588      .010
  3.1       .4        .589      .011
  3.15      .382      .605      .013
  3.2       .344      .641      .015
  3.25      .315      .669      .016
  3.3       .296      .688      .016
  3.35      .322      .665      .013
  3.4       .345      .645      .010
  3.45      .369      .621      .010
  3.5       .410      .581      .009
  3.55      .444      .547      .009
  3.6       .496      .496      .008
  3.65      .521      .473      .006
  3.7       .507      .480      .013
  3.75      .523      .448      .029
  3.8       .533      .406      .061
  3.85      .515      .378      .107
  3.9       .493      .355      .152
  3.95      .416      .417      .167
  4.        .247      .630      .123
  4.05      .290      .558      .152
  4.1       .316      .512      .172
  4.15      .331      .486      .183
  4.2       .333      .476      .191
  4.25      .305      .507      .188
  4.3       .281      .539      .180
  4.35      .260      .574      .166
  4.4       .250      .579      .154      .0        .017
  4.45      .241      .585      .158      .0        .026
  4.5       .232      .593      .141      .0        .034
  4.55      .213      .607      .137      .0        .043
  4.6       .193      .618      .135      .0        .054
  4.65      .170      .628      .137      .0        .065
  4.7       .177      .616      .132      .0        .075
  4.75      .177      .600      .126      .0        .097
  4.8       .164      .591      .127      .0        .118
  4.85      .135      .595      .134      .0        .136
  4.9       .146      .603      .122      .0        .129
  4.95      .139      .626      .109      .0        .126
  5.        .152      .628      .095      .0        .125
  5.05      .126      .653      .084      .0        .137
  5.1       .091      .662      .081      .0        .166
  5.15      .115      .619      .081      .0        .186
  5.2       .119      .600      .081      .0        .200
  5.25      .116      .589      .083      .0        .212
  5.3       .094      .589      .084      .0        .233
  5.35      .090      .569      .082      .0        .259
  5.4       .089      .548      .080      .0        .283
  5.45      .082      .540      .075      .0        .303
  5.5       .076      .537      .070      .0        .317
  5.55      .071      .534      .069      .0        .326
  5.6       .068      .525      .071      .0        .336
  5.65      .067      .514      .069      .0        .350
  5.7       .056      .521      .066      .0        .357
  5.75      .053      .521      .062      .0        .364
  5.8       .056      .512      .057      .0        .375
  5.85      .064      .472      .057      .0        .407
  5.9       .076      .430      .054      .0        .440
  5.95      .076      .418      .053      .0        .453
  6.        .072      .406      .046      .010      .466
  6.05      .061      .392      .046      .014      .487
  6.1       .060      .371      .047      .017      .506
  6.15      .060      .351      .050      .019      .520
  6.2       .059      .331      .054      .022      .534
  6.25      .058      .311      .062      .024      .545
  6.3       .055      .299      .056      .029      .561
  6.35      .051      .284      .051      .031      .583
  6.4       .052      .270      .057      .033      .588
  6.45      .053      .262      .068      .033      .584
  6.5       .049      .252      .075      .038      .586
  6.55      .046      .241      .083      .041      .589
  6.6       .043      .229      .088      .044      .596
  6.65      .042      .219      .085      .048      .606
  6.7       .044      .209      .078      .051      .618
  6.75      .042      .209      .066      .053      .630
  6.8       .031      .205      .065      .056      .643
  6.85      .032      .200      .068      .058      .642
  6.9       .038      .198      .070      .059      .635
  6.95      .040      .195      .072      .060      .634
  7.0       .043      .191      .073      .060      .633
  7.05      .050      .179      .075      .062      .634
  7.1       .056      .167      .077      .064      .636
  7.15      .045      .167      .078      .067      .643
  7.2       .035      .165      .078      .069      .653
  7.25      .035      .154      .076      .072      .663
  7.3       .034      .145      .073      .075      .673
  7.35      .032      .141      .067      .078      .682
  7.4       .030      .145      .062      .081      .682
  7.45      .031      .160      .061      .081      .667
  7.5       .035      .170      .062      .080      .654
  7.55      .042      .173      .063      .078      .644
  7.6       .047      .177      .064      .077      .635
  7.65      .048      .181      .066      .076      .629
  7.7       .050      .184      .066      .075      .625
  7.75      .051      .187      .067      .075      .620
  7.8       .051      .186      .063      .075      .625
  7.85      .051      .186      .059      .076      .628
  7.9       .054      .184      .055      .076      .631
00050100 12 52                GNASH, WBW 1985             *
  1.059000  0.000000  2.365000  3.511000  3.547000  6.360000  6.890000  7.155000
  7.380000  8.000000  8.920000  9.000000  9.480000
  0.        1.
 
  1.827     1.
 
  2.500000   .906315   .093685  0.000000  0.000000  0.000000  0.000000  0.000000
  0.000000  0.000000  0.000000  0.000000  0.000000
  2.600000   .888507   .111493  0.000000  0.000000  0.000000  0.000000  0.000000
  0.000000  0.000000  0.000000  0.000000  0.000000
  2.700000   .871678   .128322  0.000000  0.000000  0.000000  0.000000  0.000000
  0.000000  0.000000  0.000000  0.000000  0.000000
  2.800000   .855267   .144733  0.000000  0.000000  0.000000  0.000000  0.000000
  0.000000  0.000000  0.000000  0.000000  0.000000
  2.900000   .839068   .160932  0.000000  0.000000  0.000000  0.000000  0.000000
  0.000000  0.000000  0.000000  0.000000  0.000000
  3.000000   .824525   .175475  0.000000  0.000000  0.000000  0.000000  0.000000
  0.000000  0.000000  0.000000  0.000000  0.000000
  3.100000   .811948   .188052  0.000000  0.000000  0.000000  0.000000  0.000000
  0.000000  0.000000  0.000000  0.000000  0.000000
  3.200000   .800950   .199050  0.000000  0.000000  0.000000  0.000000  0.000000
  0.000000  0.000000  0.000000  0.000000  0.000000
  3.300000   .791234   .208766  0.000000  0.000000  0.000000  0.000000  0.000000
  0.000000  0.000000  0.000000  0.000000  0.000000
  3.400000   .782617   .217383  0.000000  0.000000  0.000000  0.000000  0.000000
  0.000000  0.000000  0.000000  0.000000  0.000000
  3.500000   .746382   .215997   .014902   .022719  0.000000  0.000000  0.000000
  0.000000  0.000000  0.000000  0.000000  0.000000
  3.600000   .684668   .204416   .027227   .083689  0.000000  0.000000  0.000000
  0.000000  0.000000  0.000000  0.000000  0.000000
  3.700000   .646360   .198445   .040158   .115037  0.000000  0.000000  0.000000
  0.000000  0.000000  0.000000  0.000000  0.000000
  3.800000   .611093   .191972   .053709   .143227  0.000000  0.000000  0.000000
  0.000000  0.000000  0.000000  0.000000  0.000000
  3.900000   .578566   .185167   .066875   .169391  0.000000  0.000000  0.000000
  0.000000  0.000000  0.000000  0.000000  0.000000
  4.000000   .548006   .178091   .080382   .193522  0.000000  0.000000  0.000000
  0.000000  0.000000  0.000000  0.000000  0.000000
  4.100000   .518595   .170777   .093936   .216692  0.000000  0.000000  0.000000
  0.000000  0.000000  0.000000  0.000000  0.000000
  4.200000   .490847   .163568   .106921   .238664  0.000000  0.000000  0.000000
  0.000000  0.000000  0.000000  0.000000  0.000000
  4.300000   .465725   .157047   .118763   .258465  0.000000  0.000000  0.000000
  0.000000  0.000000  0.000000  0.000000  0.000000
  4.400000   .442971   .151088   .129939   .276002  0.000000  0.000000  0.000000
  0.000000  0.000000  0.000000  0.000000  0.000000
  4.500000   .421991   .145500   .140724   .291786  0.000000  0.000000  0.000000
  0.000000  0.000000  0.000000  0.000000  0.000000
  4.600000   .402963   .140339   .150479   .306219  0.000000  0.000000  0.000000
  0.000000  0.000000  0.000000  0.000000  0.000000
  4.700000   .386301   .135871   .159090   .318739  0.000000  0.000000  0.000000
  0.000000  0.000000  0.000000  0.000000  0.000000
  4.800000   .371608   .132223   .166702   .329467  0.000000  0.000000  0.000000
  0.000000  0.000000  0.000000  0.000000  0.000000
  4.900000   .358663   .129213   .173488   .338636  0.000000  0.000000  0.000000
  0.000000  0.000000  0.000000  0.000000  0.000000
  5.000000   .347228   .126720   .179600   .346452  0.000000  0.000000  0.000000
  0.000000  0.000000  0.000000  0.000000  0.000000
  5.250000   .324059   .122105   .192256   .361580  0.000000  0.000000  0.000000
  0.000000  0.000000  0.000000  0.000000  0.000000
  5.500000   .307396   .119830   .201534   .371240  0.000000  0.000000  0.000000
  0.000000  0.000000  0.000000  0.000000  0.000000
  5.750000   .294999   .119947   .208478   .376576  0.000000  0.000000  0.000000
  0.000000  0.000000  0.000000  0.000000  0.000000
  6.000000   .285672   .121353   .213708   .379267  0.000000  0.000000  0.000000
  0.000000  0.000000  0.000000  0.000000  0.000000
  6.250000   .278773   .123611   .217564   .380051  0.000000  0.000000  0.000000
  0.000000  0.000000  0.000000  0.000000  0.000000
  6.500000   .273063   .126458   .220806   .379673  0.000000  0.000000  0.000000
  0.000000  0.000000  0.000000  0.000000  0.000000
  6.750000   .267843   .129878   .223496   .378783  0.000000  0.000000  0.000000
  0.000000  0.000000  0.000000  0.000000  0.000000
  7.000000   .263278   .134122   .225434   .377166  0.000000  0.000000  0.000000
  0.000000  0.000000  0.000000  0.000000  0.000000
  7.250000   .258140   .139085   .227382   .375392  0.000000  0.000000  0.000000
  0.000000  0.000000  0.000000  0.000000  0.000000
  7.500000   .250434   .143544   .227574   .371333   .007115  0.000000  0.000000
  0.000000  0.000000  0.000000  0.000000  0.000000
  7.750000   .241112   .146653   .226087   .365095   .021053  0.000000  0.000000
  0.000000  0.000000  0.000000  0.000000  0.000000
  8.000000   .231394   .148643   .224068   .358344   .037551  0.000000  0.000000
  0.000000  0.000000  0.000000  0.000000  0.000000
  8.250000   .220583   .149036   .220905   .350203   .056515   .002758  0.000000
  0.000000  0.000000  0.000000  0.000000  0.000000
  8.500000   .209366   .148181   .217213   .341620   .075349   .008271  0.000000
  0.000000  0.000000  0.000000  0.000000  0.000000
  8.750000   .194416   .144238   .210016   .327476   .091020   .014989   .017844
  0.000000  0.000000  0.000000  0.000000  0.000000
  9.000000   .179780   .138972   .202162   .313161   .102766   .022748   .031917
   .008494  0.000000  0.000000  0.000000  0.000000
  9.250000   .166172   .133692   .194573   .300065   .111158   .030475   .046647
   .017218  0.000000  0.000000  0.000000  0.000000
  9.500000   .153996   .128770   .187214   .287930   .116389   .037491   .061180
   .027029  0.000000  0.000000  0.000000  0.000000
  9.750000   .143145   .124117   .180116   .276589   .119369   .043212   .074624
   .037988   .000839  0.000000  0.000000  0.000000
 10.000000   .133794   .119802   .173477   .265541   .120615   .047830   .085711
   .049066   .004163  0.000000  0.000000  0.000000
 10.500000   .119277   .112386   .162522   .247939   .121164   .053585   .102386
   .067921   .012819  0.000000  0.000000  0.000000
 11.000000   .109249   .105794   .155278   .235041   .121101   .057169   .112036
   .080900   .023432  0.000000  0.000000  0.000000
 11.500000   .100710   .098617   .148856   .223834   .120588   .058991   .116952
   .088117   .032195   .002111   .009028  0.000000
 12.000000   .093988   .091692   .143304   .212764   .119943   .060403   .118689
   .091591   .038217   .005154   .022003   .002251
00050100  4 23           Bozoian GNASH Calculations, FY89 *
   1.05966     0.000     2.365     3.511     3.547
   0.000    1.000000  0.000000  0.000000  0.000000
   1.827    1.000000  0.000000  0.000000  0.000000
   2.000    0.973311  0.026689  0.000000  0.000000
   2.250    0.956378  0.043622  0.000000  0.000000
   2.500    0.940726  0.059274  0.000000  0.000000
   2.750    0.926213  0.073787  0.000000  0.000000
   3.000    0.906087  0.093913  0.000000  0.000000
   3.250    0.875383  0.124617  0.000000  0.000000
   3.432    0.850829  0.149171  0.000000  0.000000
   3.482    0.755957  0.140989  0.103054  0.000000
   3.500    0.672804  0.126132  0.119901  0.081164
   3.750    0.447544  0.095960  0.140016  0.316480
   4.000    0.414024  0.102535  0.146664  0.336776
   4.250    0.396817  0.110523  0.148964  0.343696
   4.500    0.379063  0.117086  0.154187  0.349664
   4.750    0.351103  0.119019  0.166617  0.363261
   5.000    0.315182  0.116839  0.183668  0.384311
   5.250    0.285357  0.115191  0.196270  0.403182
   5.500    0.261367  0.114408  0.205369  0.418856
   5.750    0.241378  0.114352  0.211869  0.432401
   6.000    0.224204  0.114635  0.216345  0.444816
   6.250    0.208534  0.115567  0.218677  0.457222
   6.500    0.194986  0.116650  0.219899  0.468465
00050110 16 47                GNASH, WBW 1985             *
   .158000  0.000000  2.312900  3.947800  4.915000  5.105900  5.690000  5.832000
  6.204000  6.444000  7.028000  7.967000  8.062000  8.488000  8.618000  8.790000
  8.909000
  0.        1.0
 
 
  2.939000  1.000000  0.000000  0.000000  0.000000  0.000000  0.000000  0.000000
  0.000000  0.000000  0.000000  0.000000  0.000000  0.000000  0.000000  0.000000
  0.000000
  3.000000   .994956   .005044  0.000000  0.000000  0.000000  0.000000  0.000000
  0.000000  0.000000  0.000000  0.000000  0.000000  0.000000  0.000000  0.000000
  0.000000
  3.100000   .990102   .009898  0.000000  0.000000  0.000000  0.000000  0.000000
  0.000000  0.000000  0.000000  0.000000  0.000000  0.000000  0.000000  0.000000
  0.000000
  3.200000   .985033   .014967  0.000000  0.000000  0.000000  0.000000  0.000000
  0.000000  0.000000  0.000000  0.000000  0.000000  0.000000  0.000000  0.000000
  0.000000
  3.300000   .979436   .020564  0.000000  0.000000  0.000000  0.000000  0.000000
  0.000000  0.000000  0.000000  0.000000  0.000000  0.000000  0.000000  0.000000
  0.000000
  3.400000   .973547   .026453  0.000000  0.000000  0.000000  0.000000  0.000000
  0.000000  0.000000  0.000000  0.000000  0.000000  0.000000  0.000000  0.000000
  0.000000
  3.500000   .967126   .032874  0.000000  0.000000  0.000000  0.000000  0.000000
  0.000000  0.000000  0.000000  0.000000  0.000000  0.000000  0.000000  0.000000
  0.000000
  3.600000   .960191   .039809  0.000000  0.000000  0.000000  0.000000  0.000000
  0.000000  0.000000  0.000000  0.000000  0.000000  0.000000  0.000000  0.000000
  0.000000
  3.700000   .953012   .046988  0.000000  0.000000  0.000000  0.000000  0.000000
  0.000000  0.000000  0.000000  0.000000  0.000000  0.000000  0.000000  0.000000
  0.000000
  3.800000   .945946   .054054  0.000000  0.000000  0.000000  0.000000  0.000000
  0.000000  0.000000  0.000000  0.000000  0.000000  0.000000  0.000000  0.000000
  0.000000
  3.900000   .938897   .061103  0.000000  0.000000  0.000000  0.000000  0.000000
  0.000000  0.000000  0.000000  0.000000  0.000000  0.000000  0.000000  0.000000
  0.000000
  4.000000   .931827   .068173  0.000000  0.000000  0.000000  0.000000  0.000000
  0.000000  0.000000  0.000000  0.000000  0.000000  0.000000  0.000000  0.000000
  0.000000
  4.100000   .925111   .074889  0.000000  0.000000  0.000000  0.000000  0.000000
  0.000000  0.000000  0.000000  0.000000  0.000000  0.000000  0.000000  0.000000
  0.000000
  4.200000   .918856   .081144  0.000000  0.000000  0.000000  0.000000  0.000000
  0.000000  0.000000  0.000000  0.000000  0.000000  0.000000  0.000000  0.000000
  0.000000
  4.300000   .913041   .086959  0.000000  0.000000  0.000000  0.000000  0.000000
  0.000000  0.000000  0.000000  0.000000  0.000000  0.000000  0.000000  0.000000
  0.000000
  4.400000   .907648   .092352  0.000000  0.000000  0.000000  0.000000  0.000000
  0.000000  0.000000  0.000000  0.000000  0.000000  0.000000  0.000000  0.000000
  0.000000
  4.500000   .902648   .097352  0.000000  0.000000  0.000000  0.000000  0.000000
  0.000000  0.000000  0.000000  0.000000  0.000000  0.000000  0.000000  0.000000
  0.000000
  4.600000   .898046   .101954  0.000000  0.000000  0.000000  0.000000  0.000000
  0.000000  0.000000  0.000000  0.000000  0.000000  0.000000  0.000000  0.000000
  0.000000
  4.700000   .893852   .106148  0.000000  0.000000  0.000000  0.000000  0.000000
  0.000000  0.000000  0.000000  0.000000  0.000000  0.000000  0.000000  0.000000
  0.000000
  4.800000   .890145   .109855  0.000000  0.000000  0.000000  0.000000  0.000000
  0.000000  0.000000  0.000000  0.000000  0.000000  0.000000  0.000000  0.000000
  0.000000
  4.900000   .886853   .113147  0.000000  0.000000  0.000000  0.000000  0.000000
  0.000000  0.000000  0.000000  0.000000  0.000000  0.000000  0.000000  0.000000
  0.000000
  5.000000   .883914   .116086  0.000000  0.000000  0.000000  0.000000  0.000000
  0.000000  0.000000  0.000000  0.000000  0.000000  0.000000  0.000000  0.000000
  0.000000
  5.250000   .867404   .120428   .012167  0.000000  0.000000  0.000000  0.000000
  0.000000  0.000000  0.000000  0.000000  0.000000  0.000000  0.000000  0.000000
  0.000000
  5.500000   .853881   .115837   .030281  0.000000  0.000000  0.000000  0.000000
  0.000000  0.000000  0.000000  0.000000  0.000000  0.000000  0.000000  0.000000
  0.000000
  5.750000   .832642   .115536   .051822  0.000000  0.000000  0.000000  0.000000
  0.000000  0.000000  0.000000  0.000000  0.000000  0.000000  0.000000  0.000000
  0.000000
  6.000000   .807858   .114505   .077637  0.000000  0.000000  0.000000  0.000000
  0.000000  0.000000  0.000000  0.000000  0.000000  0.000000  0.000000  0.000000
  0.000000
  6.250000   .782141   .112983   .104876  0.000000  0.000000  0.000000  0.000000
  0.000000  0.000000  0.000000  0.000000  0.000000  0.000000  0.000000  0.000000
  0.000000
  6.500000   .757919   .111258   .130544   .000279  0.000000  0.000000  0.000000
  0.000000  0.000000  0.000000  0.000000  0.000000  0.000000  0.000000  0.000000
  0.000000
  6.750000   .733864   .109790   .152280   .003610   .000457  0.000000  0.000000
  0.000000  0.000000  0.000000  0.000000  0.000000  0.000000  0.000000  0.000000
  0.000000
  7.000000   .694407   .106112   .165422   .007351   .026709  0.000000  0.000000
  0.000000  0.000000  0.000000  0.000000  0.000000  0.000000  0.000000  0.000000
  0.000000
  7.250000   .659527   .102821   .173700   .011953   .051999  0.000000  0.000000
  0.000000  0.000000  0.000000  0.000000  0.000000  0.000000  0.000000  0.000000
  0.000000
  7.500000   .624209   .099540   .177716   .016677   .081858  0.000000  0.000000
  0.000000  0.000000  0.000000  0.000000  0.000000  0.000000  0.000000  0.000000
  0.000000
  7.750000   .584291   .095474   .176970   .020846   .111108   .008092   .003219
  0.000000  0.000000  0.000000  0.000000  0.000000  0.000000  0.000000  0.000000
  0.000000
  8.000000   .529873   .089570   .169842   .023570   .133845   .016426   .036874
  0.000000  0.000000  0.000000  0.000000  0.000000  0.000000  0.000000  0.000000
  0.000000
  8.250000   .482510   .084652   .162582   .025454   .150478   .025997   .068012
   .000315  0.000000  0.000000  0.000000  0.000000  0.000000  0.000000  0.000000
  0.000000
  8.500000   .436217   .079563   .153639   .026064   .160255   .035161   .101643
   .007458  0.000000  0.000000  0.000000  0.000000  0.000000  0.000000  0.000000
  0.000000
  8.750000   .389173   .073796   .142597   .025917   .161727   .042859   .130967
   .013120   .019845  0.000000  0.000000  0.000000  0.000000  0.000000  0.000000
  0.000000
  9.000000   .349448   .068689   .134035   .025480   .160541   .048607   .156123
   .019840   .037238  0.000000  0.000000  0.000000  0.000000  0.000000  0.000000
  0.000000
  9.250000   .315775   .064047   .126572   .024794   .157619   .052524   .174645
   .026707   .057316  0.000000  0.000000  0.000000  0.000000  0.000000  0.000000
  0.000000
  9.500000   .286123   .059543   .119285   .023974   .152664   .054464   .186379
   .032927   .078709   .005934  0.000000  0.000000  0.000000  0.000000  0.000000
  0.000000
  9.750000   .261651   .055710   .113269   .023233   .148083   .055301   .192218
   .037817   .099748   .012971  0.000000  0.000000  0.000000  0.000000  0.000000
  0.000000
 10.000000   .241731   .052604   .108691   .022574   .144312   .055702   .194106
   .041600   .117007   .021675  0.000000  0.000000  0.000000  0.000000  0.000000
  0.000000
 10.500000   .211883   .048251   .103560   .021977   .138712   .055860   .191126
   .045981   .139608   .043043  0.000000  0.000000  0.000000  0.000000  0.000000
  0.000000
 11.000000   .189319   .045033   .101501   .021758   .135814   .055871   .184682
   .047626   .148190   .060730   .007154   .002322  0.000000  0.000000  0.000000
  0.000000
 11.500000   .170218   .041954   .099038   .021808   .133252   .055918   .176128
   .047864   .147971   .070677   .019250   .007567   .008355  0.000000  0.000000
  0.000000
 12.000000   .152036   .038348   .094856   .021880   .130399   .055333   .165775
   .046812   .141812   .073382   .032062   .013768   .029306   .001092   .000510
   .002628
00050110  4 17           Bozoian GNASH Calculations, FY89 *
   0.15797     0.000     2.313     3.948     4.915
     0.000  1.000000  0.000000  0.000000  0.000000
     2.939  1.000000  0.000000  0.000000  0.000000
     3.000  0.967833  0.032167  0.000000  0.000000
     3.250  0.946511  0.053489  0.000000  0.000000
     3.500  0.941603  0.058397  0.000000  0.000000
     3.750  0.939368  0.060632  0.000000  0.000000
     4.000  0.936332  0.063668  0.000000  0.000000
     4.250  0.929092  0.070908  0.000000  0.000000
     4.500  0.918049  0.081951  0.000000  0.000000
     4.750  0.908261  0.091739  0.000000  0.000000
     5.000  0.899587  0.100413  0.000000  0.000000
     5.168  0.894263  0.105737  0.000000  0.000000
     5.250  0.833595  0.099741  0.066664  0.000000
     5.500  0.799218  0.102396  0.098386  0.000000
     6.000  0.768646  0.111508  0.119846  0.000000
     6.250  0.754251  0.115654  0.130095  0.000000
     6.500  0.733551  0.118241  0.146223  0.001986
00060130  5 12           Bozoian GNASH Calculations, FY89 *
   2.21555     0.000     6.049     6.130     6.917     7.117
     0.000  1.000000  0.000000  0.000000  0.000000  0.000000
     5.013  1.000000  0.000000  0.000000  0.000000  0.000000
     5.119  0.960212  0.039788  0.000000  0.000000  0.000000
     5.250  0.787761  0.046618  0.165621  0.000000  0.000000
     5.500  0.714286  0.054179  0.231535  0.000000  0.000000
     5.750  0.659941  0.059275  0.280783  0.000000  0.000000
     6.000  0.614469  0.063667  0.321864  0.000000  0.000000
     6.151  0.586884  0.065866  0.344924  0.002326  0.000000
     6.250  0.518348  0.062628  0.340645  0.078378  0.000000
     6.410  0.478453  0.062083  0.352227  0.107236  0.000000
     6.500  0.440243  0.058922  0.348206  0.111263  0.041366
     9.900  0.440243  0.058922  0.348206  0.111263  0.041366
00060130  3  7                Lessor & Schenter           *
2.2155    0.        6.049     6.1304
0.0       1.0       0.0       0.0
5.014     1.0       0.0       0.0
5.120     0.971     0.029     0.0
5.18      0.758     0.027     0.215
5.23      0.680     0.034     0.286
5.31      0.644     0.038     0.318
5.65      0.475     0.039     0.486
00070140  2  2           Transition to the ground level only, added by vk
-5.80000       0.000   0.14636
     0.000  1.000000  0.000000
     9.900  1.000000  0.000000
00080170  6 28           Bozoian GNASH Calculations, FY89 *
   0.58664     0.000     1.634     4.247     4.968     5.662     5.785
     0.000  1.000000  0.000000  0.000000  0.000000  0.000000  0.000000
    1.2936  1.000000  0.000000  0.000000  0.000000  0.000000  0.000000
     1.294  0.933166  0.066834  0.000000  0.000000  0.000000  0.000000
     1.500  0.381222  0.618778  0.000000  0.000000  0.000000  0.000000
     1.750  0.320746  0.679254  0.000000  0.000000  0.000000  0.000000
     2.000  0.300551  0.699449  0.000000  0.000000  0.000000  0.000000
     2.250  0.292712  0.707288  0.000000  0.000000  0.000000  0.000000
     2.500  0.287694  0.712306  0.000000  0.000000  0.000000  0.000000
     2.750  0.283761  0.716239  0.000000  0.000000  0.000000  0.000000
     3.000  0.276484  0.723516  0.000000  0.000000  0.000000  0.000000
     3.250  0.267084  0.732916  0.000000  0.000000  0.000000  0.000000
     3.500  0.256816  0.743184  0.000000  0.000000  0.000000  0.000000
     3.750  0.245381  0.754619  0.000000  0.000000  0.000000  0.000000
     4.000  0.231821  0.768179  0.000000  0.000000  0.000000  0.000000
     4.250  0.216834  0.783166  0.000000  0.000000  0.000000  0.000000
     4.500  0.203601  0.796399  0.000000  0.000000  0.000000  0.000000
     4.522  0.201777  0.791323  0.006900  0.000000  0.000000  0.000000
     4.750  0.175160  0.672952  0.151888  0.000000  0.000000  0.000000
     5.000  0.162052  0.644005  0.193943  0.000000  0.000000  0.000000
     5.250  0.151556  0.619551  0.228893  0.000000  0.000000  0.000000
     5.412  0.145250  0.602875  0.249451  0.002425  0.000000  0.000000
     5.500  0.135957  0.569302  0.251710  0.043031  0.000000  0.000000
     6.000  0.119092  0.509331  0.295939  0.075638  0.000000  0.000000
     6.220  0.114396  0.486455  0.316646  0.082502  0.000000  0.000000
     6.250  0.113780  0.483191  0.319497  0.083532  0.000000  0.000000
     6.422  0.104025  0.440387  0.319066  0.082577  0.053275  0.000670
     6.500  0.100070  0.425506  0.321142  0.082593  0.059934  0.010756
     9.900  0.100070  0.425506  0.321142  0.082593  0.059934  0.010756
00080170  4 18                Lessor & Schenter           *
 0.58664  0.        1.6338    4.247     4.968
 0.       1.0       0.0       0.0       0.0
 1.294    1.0       0.0       0.0       0.0
 1.7      0.14      0.86      0.0       0.0
 1.8      0.21      0.79      0.0       0.0
 1.87     0.22      0.78      0.0       0.0
 2.0      0.23      0.77      0.0       0.0
 2.19     0.27      0.73      0.0       0.0
 3.0      0.23      0.77      0.0       0.0
 3.3      0.18      0.82      0.0       0.0
 4.0      0.16      0.84      0.0       0.0
 4.521    0.17      0.83      0.0       0.0
 4.596    0.13      0.63      0.24      0.0
 4.7      0.11      0.58      0.31      0.0
 5.0      0.10      0.56      0.34      0.0
 5.412    0.09      0.51      0.40      0.0
 5.6      0.07      0.44      0.41      0.08
 6.2      0.05      0.4       0.45      0.1
 9.9      0.05      0.4       0.45      0.1
00080180  6 32           Bozoian GNASH Calculations, FY89 *
  -0.69642     0.000     0.351     1.746     2.788     2.791     3.661
     0.000  0.000000  0.000000  0.000000  0.000000  0.000000  0.000000
     1.250  1.000000  0.000000  0.000000  0.000000  0.000000  0.000000
     1.280  0.995489  0.004511  0.000000  0.000000  0.000000  0.000000
     1.500  0.845942  0.154058  0.000000  0.000000  0.000000  0.000000
     1.750  0.753494  0.246506  0.000000  0.000000  0.000000  0.000000
     2.000  0.697677  0.302323  0.000000  0.000000  0.000000  0.000000
     2.250  0.661209  0.338791  0.000000  0.000000  0.000000  0.000000
     2.500  0.639513  0.360487  0.000000  0.000000  0.000000  0.000000
     2.985  0.599682  0.399617  0.000702  0.000000  0.000000  0.000000
     3.000  0.597393  0.399434  0.003173  0.000000  0.000000  0.000000
     3.250  0.571555  0.409059  0.019386  0.000000  0.000000  0.000000
     3.500  0.549589  0.417397  0.033015  0.000000  0.000000  0.000000
     3.750  0.529640  0.421345  0.049015  0.000000  0.000000  0.000000
     4.000  0.509358  0.423639  0.067003  0.000000  0.000000  0.000000
     4.250  0.488755  0.425455  0.085790  0.000000  0.000000  0.000000
     4.259  0.486340  0.424345  0.086313  0.003002  0.000000  0.000000
     4.354  0.432734  0.391678  0.088868  0.065240  0.021479  0.000000
     4.500  0.408736  0.382785  0.098540  0.081155  0.028785  0.000000
     4.750  0.385143  0.378531  0.117384  0.084875  0.034068  0.000000
     5.000  0.366570  0.374738  0.137307  0.083553  0.037831  0.000000
     5.250  0.349511  0.369972  0.157138  0.082194  0.041185  0.000000
     5.327  0.343872  0.368023  0.162992  0.081401  0.041994  0.001717
     5.415  0.329441  0.359353  0.167543  0.075546  0.041300  0.026817
     5.500  0.321787  0.355712  0.173337  0.073627  0.041569  0.033968
     5.597  0.314498  0.352475  0.180249  0.072572  0.042139  0.038068
     5.750  0.304074  0.347818  0.191310  0.071961  0.043303  0.041534
     6.000  0.288739  0.339075  0.208541  0.072189  0.045317  0.046140
     6.250  0.276071  0.328984  0.223905  0.073186  0.047379  0.050475
     6.268  0.275228  0.328267  0.224890  0.073277  0.047525  0.050814
     6.381  0.270162  0.323827  0.230705  0.073921  0.048422  0.052964
     6.500  0.265252  0.319785  0.236392  0.074343  0.049327  0.054901
     9.900  0.265252  0.319785  0.236392  0.074343  0.049327  0.054901
00080180  3 15                Lessor & Schenter           *
-0.69642  0.0       0.3505    1.7456
 0.       1.0       0.0       0.0
 1.261    1.0       0.0       0.0
 2.0      0.57      0.43      0.0
 2.985    0.51      0.49      0.0
 3.3      0.45      0.47      0.08
 3.65     0.33      0.34      0.33
 3.69     0.32      0.32      0.36
 3.81     0.31      0.31      0.38
 3.90     0.32      0.32      0.36
 4.15     0.33      0.33      0.34
 4.41     0.35      0.36      0.29
 4.48     0.33      0.33      0.34
 5.0      0.27      0.28      0.45
 5.55     0.24      0.25      0.51
 6.2      0.22      0.23      0.55
00090190 11 42                GNASH                       *
-1.951    0.        0.583     0.657     0.891     1.5281    1.9369    1.9519
 1.9840   2.2115    2.5715    2.9690
 0.       1.
 
 3.066    1.        0.
 
 3.1      0.90561   0.09431
 
 3.156    0.80148   0.19852   0.
 
 3.2      0.70944   0.24412   0.04644
 
 3.3      0.58775   0.31002   0.10223
 
 3.4      0.52396   0.34412   0.13192
 
 3.439    0.50690   0.35368   0.13942   0.
 
 3.5      0.47839   0.36414   0.14759   0.00988
 
 3.6      0.44169   0.37566   0.15767   0.02498
 
 3.7      0.41527   0.38085   0.16428   0.03960
 
 3.8      0.39765   0.37859   0.16719   0.05657
 
 3.9      0.38722   0.37438   0.16713   0.07127
 
 4.0      0.38049   0.36908   0.16490   0.08553
 
 4.1      0.37637   0.36311   0.16170   0.09882
 
 4.2      0.37472   0.35656   0.15811   0.11061
 
 4.210    0.37468   0.35587   0.15773   0.11172   0.
 
 4.3      0.37278   0.34835   0.15371   0.11933   0.00583
 
 4.4      0.37066   0.33995   0.14874   0.12787   0.01278
 
 4.5      0.36859   0.33178   0.14388   0.13604   0.01971
 
 4.6      0.36668   0.32392   0.13938   0.14344   0.02658
 
 4.7      0.36487   0.31646   0.13523   0.14989   0.03355
 
 4.705    0.36478   0.31609   0.13503   0.15020   0.03390   0.
 
 4.723    0.36364   0.31257   0.13335   0.15067   0.03500   0.00577   0.
 
 4.762    0.35235   0.30065   0.12813   0.14975   0.03692   0.01740   0.01480
 0.
 4.8      0.33947   0.28805   0.12265   0.14750   0.03840   0.02692   0.02719
 0.00982
 4.9      0.31400   0.26118   0.11079   0.14311   0.04190   0.04609   0.05179
 0.03114
 5.0      0.29545   0.23984   0.10112   0.14062   0.04518   0.05986   0.07000
 0.04793
 5.037    0.28983   0.23307   0.09801   0.14009   0.04640   0.06389   0.07544
 0.05327  0.
 5.1      0.27829   0.21875   0.09145   0.13836   0.04811   0.06897   0.08283
 0.06081  0.01243
 5.2      0.26198   0.19922   0.08258   0.13590   0.05070   0.07517   0.09256
 0.07141  0.03048
 5.3      0.24862   0.18325   0.07537   0.13409   0.05320   0.07946   0.10005
 0.08052  0.04544
 5.4      0.23814   0.17043   0.06960   0.13321   0.05557   0.08198   0.10538
 0.08811  0.05758
 5.473    0.23203   0.16260   0.06608   0.13314   0.05726   0.08292   0.10801
 0.09240  0.06547   0.
 5.5      0.22916   0.15929   0.06464   0.13284   0.05781   0.08277   0.10832
 0.09352  0.06790   0.00375
 5.6      0.21950   0.14814   0.05974   0.13212   0.06008   0.08183   0.10863
 0.09647  0.07536   0.01813
 5.7      0.21134   0.13866   0.05556   0.13193   0.06260   0.08058   0.10831
 0.09861  0.08030   0.03211
 5.8      0.20500   0.13085   0.05211   0.13243   0.06541   0.07920   0.10771
 0.10038  0.08293   0.04398
 5.9      0.20002   0.12426   0.04918   0.13341   0.06840   0.07759   0.10670
 0.10173  0.08410   0.05461
 5.9302   0.19873   0.12245   0.04842   0.13380   0.06933   0.07705   0.10631
 0.10204  0.08428   0.05759   0.
 6.0      0.19482   0.11799   0.04643   0.13407   0.07114   0.07554   0.10480
 0.10192  0.08405   0.06360   0.00564
 9.9      0.19482   0.11799   0.04643   0.13407   0.07114   0.07554   0.10480
 0.10192  0.08405   0.06360   0.00564
00110230 16 8     na23 empire calculation
 -2.965000  0.000000  0.228300  0.416900  1.057700  1.759000  1.850600  2.068900
  2.069500  2.071600  2.365100  2.545400  2.660900  2.740000  2.913400  3.073600
  3.159900
  0.000000  0.576592  0.222473  0.200934  0.000000  0.000000  0.000000  0.000000
  0.000000  0.000000  0.000000  0.000000  0.000000  0.000000  0.000000  0.000000
  0.000000
  4.000000  0.576592  0.222473  0.200934  0.000000  0.000000  0.000000  0.000000
  0.000000  0.000000  0.000000  0.000000  0.000000  0.000000  0.000000  0.000000
  0.000000
  5.000000  0.275802  0.113014  0.467610  0.143574  0.000000  0.000000  0.000000
  0.000000  0.000000  0.000000  0.000000  0.000000  0.000000  0.000000  0.000000
  0.000000
  6.000000  0.285059  0.058706  0.299912  0.138010  0.099206  0.057205  0.024789
  0.021685  0.015428  0.000000  0.000000  0.000000  0.000000  0.000000  0.000000
  0.000000
  7.000000  0.228112  0.027900  0.164722  0.068053  0.076454  0.050007  0.093001
  0.065114  0.044460  0.068873  0.054361  0.032333  0.017839  0.008770  0.000000
  0.000000
  8.000000  0.179224  0.016640  0.110321  0.042105  0.052271  0.032953  0.078457
  0.046892  0.030531  0.059052  0.054725  0.036930  0.023294  0.032342  0.040583
  0.163681
  9.000000  0.139781  0.010109  0.074102  0.026503  0.035418  0.021594  0.061109
  0.032340  0.020270  0.043495  0.040921  0.026764  0.016449  0.024516  0.033733
  0.392896
 10.000000  0.119173  0.006630  0.054441  0.017930  0.025519  0.015050  0.051067
  0.023603  0.014262  0.034072  0.032299  0.020061  0.011951  0.018615  0.027312
  0.528015
00110230  8 18           Bozoian GNASH Calculations, FY89 *
  -2.96853  0.        0.229     0.418     1.059     1.760     1.852     2.072
 2.080
     0.000  1.000000  0.000000  0.000000  0.000000  0.000000  0.000000  0.000000
  0.000000
     3.753  1.000000  0.000000  0.000000  0.000000  0.000000  0.000000  0.000000
  0.000000
     3.974  0.714277  0.285723  0.000000  0.000000  0.000000  0.000000  0.000000
  0.000000
     4.000  0.589400  0.251265  0.159335  0.000000  0.000000  0.000000  0.000000
  0.000000
     4.250  0.322535  0.175474  0.501991  0.000000  0.000000  0.000000  0.000000
  0.000000
     4.500  0.301373  0.160268  0.538359  0.000000  0.000000  0.000000  0.000000
  0.000000
     4.727  0.307313  0.147059  0.545628  0.000000  0.000000  0.000000  0.000000
  0.000000
     4.750  0.304932  0.142222  0.536365  0.016480  0.000000  0.000000  0.000000
  0.000000
     5.000  0.305359  0.106095  0.462810  0.125736  0.000000  0.000000  0.000000
  0.000000
     5.250  0.326019  0.089225  0.422400  0.162356  0.000000  0.000000  0.000000
  0.000000
     5.500  0.347005  0.080067  0.398722  0.174207  0.000000  0.000000  0.000000
  0.000000
     5.550  0.350992  0.078792  0.395382  0.174834  0.000000  0.000000  0.000000
  0.000000
     5.658  0.348459  0.072949  0.373013  0.166504  0.039075  0.000000  0.000000
  0.000000
     5.750  0.335728  0.067133  0.343885  0.155149  0.062365  0.035740  0.000000
  0.000000
     6.000  0.309604  0.054591  0.282955  0.127805  0.092506  0.090672  0.020027
  0.021840
     6.250  0.293164  0.043998  0.234938  0.104101  0.095944  0.107883  0.053744
  0.066229
     6.500  0.294335  0.038030  0.211866  0.091139  0.093704  0.114242  0.068524
  0.088160
     9.900  0.294335  0.038030  0.211866  0.091139  0.093704  0.114242  0.068524
  0.088160
00110230  2  2           Transition to the ground level only, added by vk
  -2.96853  0.000     0.14636
     0.000  1.000000  0.000000
     9.900  1.000000  0.000000
00120240 3 3     mg24 empire calculation
 -7.195000  0.000000  0.780900  0.957400
  0.000000  1.000000  0.000000  0.000000
  9.000000  1.000000  0.000000  0.000000
 10.000000  0.625566  0.143256  0.231178
00120240  2  2           Transition to the ground level only, added by rl
  -7.19567  0.000     0.14636
     0.000  1.000000  0.000000
     9.900  1.000000  0.000000
00120250 19 10     mg25 empire calculation
  2.654000  0.000000  1.779000  4.617900  4.979900  6.276200  6.691400  6.883200
  7.398450  7.799000  7.933500  8.258700  8.328400  8.413301  8.566151  8.819000
  8.925000  9.164701  9.315900  9.399401
  0.000000  0.233240  0.766760  0.000000  0.000000  0.000000  0.000000  0.000000
  0.000000  0.000000  0.000000  0.000000  0.000000  0.000000  0.000000  0.000000
  0.000000  0.000000  0.000000  0.000000
  1.500000  0.233240  0.766760  0.000000  0.000000  0.000000  0.000000  0.000000
  0.000000  0.000000  0.000000  0.000000  0.000000  0.000000  0.000000  0.000000
  0.000000  0.000000  0.000000  0.000000
  3.000000  0.185834  0.586542  0.214209  0.013374  0.000000  0.000000  0.000000
  0.000000  0.000000  0.000000  0.000000  0.000000  0.000000  0.000000  0.000000
  0.000000  0.000000  0.000000  0.000041
  4.000000  0.158530  0.524359  0.284187  0.032865  0.000000  0.000000  0.000000
  0.000000  0.000000  0.000000  0.000000  0.000000  0.000000  0.000000  0.000000
  0.000000  0.000000  0.000000  0.000060
  5.000000  0.110449  0.388065  0.283971  0.033612  0.124469  0.008024  0.051328
  0.000000  0.000000  0.000000  0.000000  0.000000  0.000000  0.000000  0.000000
  0.000000  0.000000  0.000000  0.000081
  6.000000  0.064718  0.247886  0.255224  0.024073  0.106546  0.011901  0.213450
  0.072724  0.003395  0.000000  0.000000  0.000000  0.000000  0.000000  0.000000
  0.000000  0.000000  0.000000  0.000082
  7.000000  0.041303  0.173381  0.220913  0.017321  0.088571  0.009830  0.193894
  0.079196  0.045595  0.029013  0.019949  0.009082  0.032195  0.039654  0.000000
  0.000000  0.000000  0.000000  0.000104
  8.000000  0.025481  0.114113  0.160756  0.011979  0.067158  0.007596  0.150238
  0.063841  0.039387  0.025959  0.022576  0.011921  0.050561  0.123484  0.023241
  0.053019  0.022379  0.009831  0.016481
  9.000000  0.017022  0.082647  0.136413  0.008598  0.055814  0.005859  0.131433
  0.053168  0.035262  0.022248  0.019798  0.010377  0.046166  0.142872  0.023826
  0.063527  0.032750  0.018944  0.093276
 10.000000  0.012181  0.063129  0.119211  0.006596  0.048583  0.004715  0.118770
  0.046206  0.032869  0.019851  0.017952  0.009237  0.044498  0.150843  0.023419
  0.066824  0.034540  0.019417  0.161162
00120250 12 34           Bozoian GNASH Calculations, FY89 *
   2.65393     0.000     1.779     4.614     4.975     6.272     6.690     6.878
     6.887     7.382     7.415     7.798     7.932
     0.000  0.22      0.78      0.000000  0.000000  0.000000  0.000000  0.000000
  0.000000  0.000000  0.000000  0.000000  0.000000
     0.750  0.218819  0.781181  0.000000  0.000000  0.000000  0.000000  0.000000
  0.000000  0.000000  0.000000  0.000000  0.000000
     1.000  0.219320  0.780680  0.000000  0.000000  0.000000  0.000000  0.000000
  0.000000  0.000000  0.000000  0.000000  0.000000
     1.250  0.215014  0.784986  0.000000  0.000000  0.000000  0.000000  0.000000
  0.000000  0.000000  0.000000  0.000000  0.000000
     1.500  0.216550  0.783450  0.000000  0.000000  0.000000  0.000000  0.000000
  0.000000  0.000000  0.000000  0.000000  0.000000
     1.750  0.217553  0.782447  0.000000  0.000000  0.000000  0.000000  0.000000
  0.000000  0.000000  0.000000  0.000000  0.000000
     2.000  0.218519  0.781481  0.000000  0.000000  0.000000  0.000000  0.000000
  0.000000  0.000000  0.000000  0.000000  0.000000
     2.250  0.219515  0.780485  0.000000  0.000000  0.000000  0.000000  0.000000
  0.000000  0.000000  0.000000  0.000000  0.000000
     2.278  0.219255  0.776906  0.003839  0.000000  0.000000  0.000000  0.000000
  0.000000  0.000000  0.000000  0.000000  0.000000
     2.500  0.150799  0.621722  0.227479  0.000000  0.000000  0.000000  0.000000
  0.000000  0.000000  0.000000  0.000000  0.000000
     2.697  0.143950  0.569748  0.286087  0.000215  0.000000  0.000000  0.000000
  0.000000  0.000000  0.000000  0.000000  0.000000
     2.750  0.142312  0.559929  0.294498  0.003262  0.000000  0.000000  0.000000
  0.000000  0.000000  0.000000  0.000000  0.000000
     3.000  0.138459  0.529944  0.317306  0.014291  0.000000  0.000000  0.000000
  0.000000  0.000000  0.000000  0.000000  0.000000
     3.250  0.140469  0.516419  0.320696  0.022416  0.000000  0.000000  0.000000
  0.000000  0.000000  0.000000  0.000000  0.000000
     3.500  0.162523  0.537191  0.274761  0.025525  0.000000  0.000000  0.000000
  0.000000  0.000000  0.000000  0.000000  0.000000
     3.750  0.161967  0.531578  0.277654  0.028801  0.000000  0.000000  0.000000
  0.000000  0.000000  0.000000  0.000000  0.000000
     4.000  0.153468  0.513405  0.301349  0.031778  0.000000  0.000000  0.000000
  0.000000  0.000000  0.000000  0.000000  0.000000
     4.202  0.146577  0.498221  0.320338  0.033502  0.001362  0.000000  0.000000
  0.000000  0.000000  0.000000  0.000000  0.000000
     4.250  0.142636  0.486492  0.319609  0.033477  0.017785  0.000000  0.000000
  0.000000  0.000000  0.000000  0.000000  0.000000
     4.500  0.126738  0.440847  0.320333  0.033254  0.078828  0.000000  0.000000
  0.000000  0.000000  0.000000  0.000000  0.000000
     4.683  0.118312  0.418416  0.323892  0.033101  0.106279  0.000000  0.000000
  0.000000  0.000000  0.000000  0.000000  0.000000
     4.750  0.115115  0.410260  0.325981  0.032699  0.113899  0.002047  0.000000
  0.000000  0.000000  0.000000  0.000000  0.000000
     4.901  0.108759  0.394402  0.332472  0.031770  0.126744  0.005853  0.000000
  0.000000  0.000000  0.000000  0.000000  0.000000
     4.912  0.107960  0.391986  0.331908  0.031640  0.127059  0.006080  0.003291
  0.000076  0.000000  0.000000  0.000000  0.000000
     5.000  0.100333  0.366378  0.317860  0.030470  0.125962  0.007643  0.026837
  0.024517  0.000000  0.000000  0.000000  0.000000
     5.250  0.085390  0.317522  0.295925  0.027937  0.121732  0.010801  0.070028
  0.070666  0.000000  0.000000  0.000000  0.000000
     5.483  0.076491  0.289646  0.287432  0.026397  0.117989  0.012299  0.092800
  0.096946  0.000000  0.000000  0.000000  0.000000
     5.500  0.075864  0.287727  0.286930  0.026243  0.117695  0.012325  0.093935
  0.098400  0.000880  0.000000  0.000000  0.000000
     5.526  0.074890  0.284765  0.286143  0.025991  0.117226  0.012339  0.095503
  0.100484  0.002458  0.000200  0.000000  0.000000
     5.750  0.066343  0.258856  0.279178  0.023577  0.111881  0.011874  0.101992
  0.112315  0.012669  0.021314  0.000000  0.000000
     6.000  0.059763  0.240309  0.278132  0.021876  0.108658  0.011349  0.102746
  0.119697  0.019157  0.034521  0.003793  0.000000
     6.250  0.053001  0.220577  0.275260  0.019978  0.103215  0.010673  0.098105
  0.121862  0.021708  0.039950  0.026607  0.009065
     6.500  0.047916  0.206022  0.274082  0.018558  0.099679  0.010180  0.094870
  0.124553  0.022200  0.041230  0.039895  0.020816
     9.900  0.047916  0.206022  0.274082  0.018558  0.099679  0.010180  0.094870
  0.124553  0.022200  0.041230  0.039895  0.020816
00120260 19 10     mg26 empire calculation
  0.035000  0.000000  1.273400  2.028200  2.426000  3.067300  3.624200  4.080200
  4.741000  4.877500  5.270050  5.652400  5.812900  5.949100  6.150550  6.455750
  6.616200  6.742750  6.914150  7.101900
  0.000000  1.000000  0.000000  0.000000  0.000000  0.000000  0.000000  0.000000
  0.000000  0.000000  0.000000  0.000000  0.000000  0.000000  0.000000  0.000000
  0.000000  0.000000  0.000000  0.000000
  1.500000  1.000000  0.000000  0.000000  0.000000  0.000000  0.000000  0.000000
  0.000000  0.000000  0.000000  0.000000  0.000000  0.000000  0.000000  0.000000
  0.000000  0.000000  0.000000  0.000000
  3.000000  0.416948  0.326822  0.165648  0.090581  0.000000  0.000000  0.000000
  0.000000  0.000000  0.000000  0.000000  0.000000  0.000000  0.000000  0.000000
  0.000000  0.000000  0.000000  0.000000
  4.000000  0.273552  0.273622  0.188281  0.179096  0.085449  0.000000  0.000000
  0.000000  0.000000  0.000000  0.000000  0.000000  0.000000  0.000000  0.000000
  0.000000  0.000000  0.000000  0.000000
  5.000000  0.192756  0.226736  0.182994  0.172732  0.125698  0.072075  0.027008
  0.000000  0.000000  0.000000  0.000000  0.000000  0.000000  0.000000  0.000000
  0.000000  0.000000  0.000000  0.000000
  6.000000  0.126501  0.168499  0.159151  0.134380  0.119126  0.091823  0.064177
  0.030525  0.105819  0.000000  0.000000  0.000000  0.000000  0.000000  0.000000
  0.000000  0.000000  0.000000  0.000000
  7.000000  0.081332  0.118786  0.125504  0.098576  0.099380  0.087750  0.069783
  0.047362  0.137678  0.079585  0.024216  0.019031  0.011017  0.000000  0.000000
  0.000000  0.000000  0.000000  0.000000
  8.000000  0.047123  0.074944  0.086657  0.063413  0.070971  0.073159  0.064112
  0.053632  0.096914  0.091296  0.038151  0.034573  0.023895  0.059201  0.065058
  0.016383  0.036008  0.004512  0.000000
  9.000000  0.028207  0.048556  0.060103  0.041330  0.050321  0.058889  0.054227
  0.052313  0.067706  0.087327  0.039851  0.032933  0.017765  0.052698  0.067084
  0.027958  0.067789  0.032528  0.112415
 10.000000  0.017889  0.034123  0.044395  0.028942  0.037312  0.048912  0.047155
  0.051552  0.049766  0.084576  0.040781  0.030722  0.013530  0.044638  0.057428
  0.029969  0.067733  0.030805  0.239772
00120260  5 32           Bozoian GNASH Calculations, FY89 *
  0.034729     0.000     1.273     2.028     2.426     3.067
     0.000  1.000000  0.000000  0.000000  0.000000  0.000000
     1.429  1.000000  0.000000  0.000000  0.000000  0.000000
     1.500  0.839076  0.160924  0.000000  0.000000  0.000000
     1.750  0.676413  0.323587  0.000000  0.000000  0.000000
     2.000  0.620981  0.379019  0.000000  0.000000  0.000000
     2.250  0.593534  0.406466  0.000000  0.000000  0.000000
     2.300  0.589914  0.410086  0.000000  0.000000  0.000000
     2.500  0.309723  0.503038  0.187239  0.000000  0.000000
     2.759  0.293431  0.445471  0.261098  0.000000  0.000000
     3.000  0.268856  0.375604  0.244345  0.111195  0.000000
     3.250  0.283501  0.337320  0.222801  0.156378  0.000000
     3.499  0.362246  0.295435  0.183215  0.159104  0.000000
     3.500  0.362361  0.295367  0.183140  0.159132  0.000000
     3.750  0.334333  0.278934  0.173996  0.164383  0.048353
     4.000  0.292231  0.272156  0.183300  0.173789  0.078525
     4.141  0.272614  0.267434  0.188555  0.178164  0.093232
     4.250  0.259354  0.264236  0.192976  0.180391  0.103043
     4.500  0.234587  0.256354  0.201557  0.184409  0.123093
     4.668  0.220954  0.251473  0.206724  0.186005  0.134843
     4.750  0.214869  0.249773  0.209583  0.186133  0.139642
     5.000  0.198361  0.245794  0.217821  0.185746  0.152278
     5.250  0.185597  0.242615  0.224888  0.184630  0.162270
     5.430  0.178073  0.240770  0.229640  0.183830  0.167686
     5.500  0.175524  0.239852  0.231187  0.183677  0.169759
     5.544  0.173967  0.239392  0.232255  0.183520  0.170865
     5.608  0.171700  0.238732  0.233791  0.183368  0.172410
     5.733  0.167791  0.237251  0.236528  0.183115  0.175315
     5.750  0.167276  0.237068  0.236916  0.183076  0.175664
     6.000  0.159483  0.234261  0.242957  0.182465  0.180834
     6.250  0.151743  0.231324  0.249024  0.181709  0.186200
     6.500  0.145058  0.228419  0.254118  0.180951  0.191454
     9.900  0.145058  0.228419  0.254118  0.180951  0.191454
00130270 10 22           Bozoian GNASH Calculations, FY89 *
  -2.63635     0.000     0.677     0.709     1.454     1.973     2.538     2.723
     2.839     2.938     3.019
     0.000  1.000000  0.000000  0.000000  0.000000  0.000000  0.000000  0.000000
     0.     0.        0.
     3.804  1.000000  0.000000  0.000000  0.000000  0.000000  0.000000  0.000000
     0.     0.        0.
     3.841  0.986913  0.013087  0.000000  0.000000  0.000000  0.000000  0.000000
     0.     0.        0.
     4.000  0.791368  0.047547  0.161085  0.000000  0.000000  0.000000  0.000000
     0.     0.        0.
     4.250  0.651055  0.071912  0.277033  0.000000  0.000000  0.000000  0.000000
     0.     0.        0.
     4.500  0.584910  0.084193  0.330898  0.000000  0.000000  0.000000  0.000000
     0.     0.        0.
     4.696  0.559690  0.090182  0.350128  0.000000  0.000000  0.000000  0.000000
     0.     0.        0.
     4.750  0.507732  0.084057  0.322819  0.085392  0.000000  0.000000  0.000000
     0.     0.        0.
     5.000  0.388752  0.070427  0.258238  0.282583  0.000000  0.000000  0.000000
     0.     0.        0.
     5.250  0.343977  0.066318  0.234348  0.355358  0.000000  0.000000  0.000000
     0.     0.        0.
     5.292  0.339437  0.066046  0.232207  0.362310  0.000000  0.000000  0.000000
     0.     0.        0.
     5.500  0.259298  0.053956  0.182978  0.301876  0.201892  0.000000  0.000000
     0.     0.        0.
     5.750  0.225526  0.049572  0.163329  0.270385  0.291188  0.000000  0.000000
     0.     0.        0.
     5.941  0.213632  0.048425  0.157063  0.256989  0.323891  0.000000  0.000000
     0.     0.        0.
     6.000  0.204673  0.046899  0.151237  0.246137  0.317556  0.033497  0.000000
     0.     0.        0.
     6.154  0.188285  0.044198  0.140693  0.226693  0.302978  0.097153  0.000000
     0.     0.        0.
     6.250  0.177227  0.042075  0.133116  0.213547  0.289486  0.121152  0.023396
     0.     0.        0.
     6.287  0.173741  0.041413  0.130764  0.209467  0.284996  0.128663  0.030956
     0.     0.        0.
     6.400  0.163018  0.039243  0.123388  0.197415  0.270536  0.146567  0.049196
  0.010637  0.000000  0.000000
     6.493  0.153495  0.037178  0.116661  0.186563  0.257319  0.155008  0.058765
  0.017200  0.017811  0.000000
     6.500  0.152780  0.037016  0.116141  0.185763  0.256357  0.155463  0.059358
  0.017611  0.018986  0.000527
     9.900  0.152780  0.037016  0.116141  0.185763  0.256357  0.155463  0.059358
  0.017611  0.018986  0.000527
00140280  2  2           Transition to the ground level only, added by vk
  -7.00000  0.000     0.14636
     0.000  1.000000  0.000000
     9.900  1.000000  0.000000
00140290 19 9     si29 empire calculation
 -1.525000  0.000000  2.230300  3.778300  4.281500  4.458900  4.695400  5.006200
  5.413000  5.548900  5.797900  6.224300  6.411000  6.601050  6.665699  6.761700
  6.852000  7.002500  7.115000  7.189700
  0.000000  1.000000  0.000000  0.000000  0.000000  0.000000  0.000000  0.000000
  0.000000  0.000000  0.000000  0.000000  0.000000  0.000000  0.000000  0.000000
  0.000000  0.000000  0.000000  0.000000
  3.000000  1.000000  0.000000  0.000000  0.000000  0.000000  0.000000  0.000000
  0.000000  0.000000  0.000000  0.000000  0.000000  0.000000  0.000000  0.000000
  0.000000  0.000000  0.000000  0.000000
  4.000000  0.999963  0.000000  0.000000  0.000000  0.000000  0.000000  0.000000
  0.000000  0.000000  0.000000  0.000000  0.000000  0.000000  0.000000  0.000000
  0.000000  0.000000  0.000000  0.000037
  5.000000  0.466734  0.533243  0.000000  0.000000  0.000000  0.000000  0.000000
  0.000000  0.000000  0.000000  0.000000  0.000000  0.000000  0.000000  0.000000
  0.000000  0.000000  0.000000  0.000023
  6.000000  0.349439  0.650531  0.000000  0.000000  0.000000  0.000000  0.000000
  0.000000  0.000000  0.000000  0.000000  0.000000  0.000000  0.000000  0.000000
  0.000000  0.000000  0.000000  0.000031
  7.000000  0.198635  0.507749  0.051025  0.115815  0.126733  0.000000  0.000000
  0.000000  0.000000  0.000000  0.000000  0.000000  0.000000  0.000000  0.000000
  0.000000  0.000000  0.000000  0.000043
  8.000000  0.098963  0.307529  0.034282  0.121964  0.247745  0.053677  0.115660
  0.020132  0.000000  0.000000  0.000000  0.000000  0.000000  0.000000  0.000000
  0.000000  0.000000  0.000000  0.000049
  9.000000  0.058957  0.214241  0.024048  0.103012  0.262492  0.046431  0.125176
  0.080363  0.046823  0.025427  0.012966  0.000000  0.000000  0.000000  0.000000
  0.000000  0.000000  0.000000  0.000064
 10.000000  0.031152  0.122898  0.014989  0.069752  0.184310  0.032953  0.088075
  0.065917  0.039258  0.021546  0.026913  0.067195  0.084499  0.017665  0.079594
  0.040143  0.005952  0.005392  0.001799
00140290  3 12           Bozoian GNASH Calculations, FY89 *
  -1.52498     0.000     2.237     3.780
     0.000  1.000000  0.000000  0.000000
     4.281  1.000000  0.000000  0.000000
     4.500  0.589310  0.410690  0.000000
     4.750  0.448600  0.551400  0.000000
     5.000  0.379188  0.620812  0.000000
     5.250  0.341429  0.658571  0.000000
     5.500  0.317912  0.682088  0.000000
     5.750  0.299785  0.700215  0.000000
     6.000  0.284080  0.715920  0.000000
     6.250  0.260421  0.709437  0.030142
     6.500  0.243572  0.706622  0.049805
     9.900  0.243572  0.706622  0.049805
00140300 19 8     si30 empire calculation
 -3.493000  0.000000  0.841000  1.967200  2.313500  2.867700  2.935200  2.968600
  3.220700  3.831600  3.934900  4.051650  4.094000  4.144500  4.211000  4.374900
  4.423800  4.729400  4.746000  4.865700
  0.000000  1.000000  0.000000  0.000000  0.000000  0.000000  0.000000  0.000000
  0.000000  0.000000  0.000000  0.000000  0.000000  0.000000  0.000000  0.000000
  0.000000  0.000000  0.000000  0.000000
  4.000000  1.000000  0.000000  0.000000  0.000000  0.000000  0.000000  0.000000
  0.000000  0.000000  0.000000  0.000000  0.000000  0.000000  0.000000  0.000000
  0.000000  0.000000  0.000000  0.000000
  5.000000  0.906769  0.093231  0.000000  0.000000  0.000000  0.000000  0.000000
  0.000000  0.000000  0.000000  0.000000  0.000000  0.000000  0.000000  0.000000
  0.000000  0.000000  0.000000  0.000000
  6.000000  0.797818  0.202182  0.000000  0.000000  0.000000  0.000000  0.000000
  0.000000  0.000000  0.000000  0.000000  0.000000  0.000000  0.000000  0.000000
  0.000000  0.000000  0.000000  0.000000
  7.000000  0.535259  0.146408  0.213926  0.104407  0.000000  0.000000  0.000000
  0.000000  0.000000  0.000000  0.000000  0.000000  0.000000  0.000000  0.000000
  0.000000  0.000000  0.000000  0.000000
  8.000000  0.265247  0.086935  0.157717  0.097768  0.079323  0.128606  0.150774
  0.033632  0.000000  0.000000  0.000000  0.000000  0.000000  0.000000  0.000000
  0.000000  0.000000  0.000000  0.000000
  9.000000  0.154231  0.050346  0.117919  0.072374  0.072065  0.122116  0.149773
  0.037538  0.033014  0.023405  0.078545  0.048660  0.026324  0.010608  0.001995
  0.001056  0.000000  0.000000  0.000029
 10.000000  0.090248  0.029915  0.082313  0.050629  0.057951  0.095549  0.114506
  0.029068  0.034074  0.024022  0.096535  0.062484  0.036087  0.016689  0.008204
  0.014320  0.061980  0.005931  0.089494
00140300  3 10           Bozoian GNASH Calculations, FY89 *
  -3.49231     0.000     0.840     1.966
     0.000  1.000000  0.000000  0.000000
     4.910  1.000000  0.000000  0.000000
     5.000  0.943891  0.056109  0.000000
     5.250  0.870079  0.129921  0.000000
     5.500  0.839785  0.160215  0.000000
     5.750  0.827323  0.172677  0.000000
     6.000  0.822319  0.177681  0.000000
     6.250  0.768226  0.173965  0.057809
     6.500  0.647442  0.156893  0.195665
     9.900  0.647442  0.156893  0.195665
00150310 13 5     p31 empire calculation
 -5.646000  0.000000  0.146400  0.461000  0.665500  1.230300  1.887300  2.157900
  2.181100  2.375800  2.580300  2.611100  2.721300  3.129100
  0.000000  0.204048  0.682099  0.113853  0.000000  0.000000  0.000000  0.000000
  0.000000  0.000000  0.000000  0.000000  0.000000  0.000000
  7.000000  0.204048  0.682099  0.113853  0.000000  0.000000  0.000000  0.000000
  0.000000  0.000000  0.000000  0.000000  0.000000  0.000000
  8.000000  0.087786  0.502159  0.173648  0.146909  0.089498  0.000000  0.000000
  0.000000  0.000000  0.000000  0.000000  0.000000  0.000000
  9.000000  0.057113  0.408022  0.131882  0.118499  0.142172  0.070538  0.031395
  0.040377  0.000000  0.000000  0.000000  0.000000  0.000000
 10.000000  0.031310  0.253280  0.079606  0.073935  0.102065  0.068427  0.056179
  0.084903  0.134602  0.024119  0.056182  0.031351  0.004039
00150310  2  2           Threshold, L&S
  -5.649       0.000   0.14636
     0.000  1.000000  0.000000
     9.900  1.000000  0.000000
00170350  2  2           Transition to the ground level only, added by vk
  -4.730       0.000   0.14636
     0.000  1.000000  0.000000
     9.900  1.000000  0.000000
00170370  7 15           Bozoian GNASH Calculations, FY89 *
-3.87309  0.        0.0296    0.8001    0.8916    1.6437    1.9590    2.0474
 0.       1.        0.        0.        0.        0.        0.        0.
 4.325    1.        0.        0.        0.        0.        0.        0.
 4.5      0.2618    0.7382    0.        0.        0.        0.        0.
 4.75     0.2709    0.7291    0.        0.        0.        0.        0.
 5.0      0.2978    0.7022    0.        0.        0.        0.        0.
 5.178    0.3181    0.6819    0.        0.        0.        0.        0.
 5.280    0.2856    0.5413    0.1731    0.        0.        0.        0.
 5.5      0.2557    0.4585    0.2485    0.0373    0.        0.        0.
 5.75     0.2555    0.4206    0.2752    0.0487    0.        0.        0.
 6.0      0.2632    0.4012    0.2757    0.0599    0.        0.        0.
 6.113    0.2661    0.3931    0.2739    0.0669    0.        0.        0.
 6.25     0.2663    0.3795    0.2636    0.0751    0.0155    0.        0.
 6.463    0.2684    0.3637    0.2568    0.0883    0.0228    0.        0.
 6.5      0.2640    0.3512    0.2465    0.0899    0.0235    0.0249    0.
 9.9      0.2640    0.3512    0.2465    0.0899    0.0235    0.0249    0.
00170370  2  2           Transition to the ground level only, added by vk
-3.87309       0.000   0.14636
     0.000  1.000000  0.000000
     9.900  1.000000  0.000000
00180400 19 15     ar-40 empire calculation
 -2.278000  0.000000  0.372800  0.593400  0.990300  1.394500  1.677800  1.901800
  1.931300  1.957400  2.046300  2.067300  2.098300  2.224000  2.249000  2.272700
  2.409800  2.523000  2.611000  2.673700
  0.000000  0.273250  0.236457  0.490293  0.000000  0.000000  0.000000  0.000000
  0.000000  0.000000  0.000000  0.000000  0.000000  0.000000  0.000000  0.000000
  0.000000  0.000000  0.000000  0.000000
  3.500000  0.273250  0.236457  0.490293  0.000000  0.000000  0.000000  0.000000
  0.000000  0.000000  0.000000  0.000000  0.000000  0.000000  0.000000  0.000000
  0.000000  0.000000  0.000000  0.000000
  4.000000  0.227305  0.223557  0.382383  0.166755  0.000000  0.000000  0.000000
  0.000000  0.000000  0.000000  0.000000  0.000000  0.000000  0.000000  0.000000
  0.000000  0.000000  0.000000  0.000000
  4.500000  0.192981  0.211976  0.304758  0.190494  0.094478  0.005313  0.000000
  0.000000  0.000000  0.000000  0.000000  0.000000  0.000000  0.000000  0.000000
  0.000000  0.000000  0.000000  0.000000
  5.000000  0.134691  0.162398  0.199089  0.152956  0.099284  0.009417  0.017821
  0.031052  0.065781  0.050856  0.017946  0.046638  0.011589  0.000481  0.000000
  0.000000  0.000000  0.000000  0.000000
  5.500000  0.100897  0.123895  0.144564  0.120287  0.091773  0.011116  0.026075
  0.043213  0.058775  0.061269  0.028108  0.066559  0.049910  0.006567  0.036487
  0.008441  0.003021  0.015812  0.003231
  6.000000  0.078966  0.096149  0.108272  0.096346  0.082051  0.013146  0.032240
  0.048093  0.051414  0.059799  0.032478  0.070324  0.051905  0.010689  0.042737
  0.012965  0.007099  0.029075  0.076252
  6.500000  0.060082  0.070211  0.074385  0.069048  0.064542  0.014340  0.033484
  0.044916  0.038750  0.050111  0.032692  0.064928  0.045403  0.014330  0.042221
  0.016768  0.010952  0.025391  0.227447
  7.000000  0.048735  0.053791  0.053056  0.050624  0.050960  0.015499  0.032556
  0.039452  0.028887  0.040328  0.031304  0.058120  0.037793  0.017150  0.038893
  0.019704  0.014518  0.021122  0.347508
  7.500000  0.040120  0.041484  0.037924  0.036703  0.039371  0.016361  0.029564
  0.032658  0.020577  0.030712  0.028263  0.049854  0.029399  0.018565  0.032753
  0.020713  0.016724  0.016498  0.461756
  8.000000  0.034138  0.033137  0.028197  0.027528  0.031157  0.017150  0.026506
  0.027002  0.014846  0.023509  0.025294  0.043118  0.022767  0.019157  0.027079
  0.020726  0.017831  0.012766  0.548093
  8.500000  0.027521  0.025161  0.020013  0.019662  0.023268  0.016644  0.021935
  0.020819  0.010099  0.016829  0.020953  0.035062  0.016391  0.017868  0.020619
  0.018753  0.016936  0.009136  0.642332
  9.000000  0.021977  0.019093  0.014321  0.014154  0.017337  0.015497  0.017732
  0.015885  0.006939  0.012029  0.016970  0.028220  0.011739  0.015902  0.015464
  0.016294  0.015219  0.006483  0.718745
  9.500000  0.017344  0.014447  0.010312  0.010244  0.012887  0.013843  0.014076
  0.012032  0.004825  0.008619  0.013486  0.022457  0.008415  0.013612  0.011495
  0.013725  0.013096  0.004596  0.780489
 10.000000  0.013840  0.011147  0.007638  0.007625  0.009794  0.012251  0.011282
  0.009277  0.003478  0.006357  0.010788  0.018098  0.006205  0.011559  0.008715
  0.011546  0.011153  0.003353  0.825895
00190390 6 3     k39 empire calculation
 -7.332000  0.000000  0.611100  0.616300  1.490400  1.510100  1.586300
  0.000000  0.198526  0.239646  0.561828  0.000000  0.000000  0.000000
  9.000000  0.198526  0.239646  0.561828  0.000000  0.000000  0.000000
 10.000000  0.072967  0.144083  0.507755  0.086121  0.143832  0.045243
00190390  2  2           Transition to the ground level only, added by rl
-7.33217       0.000   0.14636
     0.000  1.000000  0.000000
     9.900  1.000000  0.000000
00190400 19 8     k40 empire calculation
 -2.993000  0.000000  0.151900  0.472000  0.865225  1.168650  1.336800  1.408000
  1.650800  1.851450  1.947150  2.121962  2.265450  2.359050  2.458600  2.566100
  2.656625  2.781475  2.855550  2.986150
  0.000000  0.894150  0.069248  0.036602  0.000000  0.000000  0.000000  0.000000
  0.000000  0.000000  0.000000  0.000000  0.000000  0.000000  0.000000  0.000000
  0.000000  0.000000  0.000000  0.000000
  4.000000  0.894150  0.069248  0.036602  0.000000  0.000000  0.000000  0.000000
  0.000000  0.000000  0.000000  0.000000  0.000000  0.000000  0.000000  0.000000
  0.000000  0.000000  0.000000  0.000000
  5.000000  0.501571  0.073424  0.054852  0.182363  0.026925  0.085035  0.075830
  0.000000  0.000000  0.000000  0.000000  0.000000  0.000000  0.000000  0.000000
  0.000000  0.000000  0.000000  0.000000
  6.000000  0.199700  0.041687  0.037060  0.149084  0.041708  0.093898  0.089852
  0.032254  0.150914  0.100529  0.023835  0.033160  0.006234  0.000087  0.000000
  0.000000  0.000000  0.000000  0.000000
  7.000000  0.090625  0.022384  0.021214  0.087489  0.032280  0.062449  0.061229
  0.030092  0.133284  0.096333  0.040295  0.050449  0.020704  0.012458  0.028426
  0.055182  0.032398  0.048569  0.074139
  8.000000  0.047786  0.013200  0.012519  0.049786  0.020712  0.035554  0.035893
  0.019245  0.096664  0.067514  0.034463  0.041606  0.020396  0.012861  0.028920
  0.059439  0.040377  0.058320  0.304745
  9.000000  0.028077  0.008212  0.007856  0.030112  0.013311  0.020906  0.021341
  0.011694  0.065706  0.042212  0.023324  0.027359  0.014481  0.009188  0.020481
  0.047204  0.031282  0.045412  0.531843
 10.000000  0.016185  0.004934  0.004745  0.017812  0.008177  0.012111  0.012370
  0.006895  0.040786  0.024863  0.014436  0.016331  0.009027  0.005684  0.012505
  0.030270  0.019540  0.028083  0.715247
00190400  2  2           Transition to the ground level only, added by rl
-2.9937        0.000   0.14636
     0.000  1.000000  0.000000
     9.900  1.000000  0.000000
00190410 19 8     k41 empire calculation
 -3.389000  0.000000  0.067900  0.146200  0.252900  0.349800  0.424800  0.531500
  0.648800  0.763100  1.020938  1.166800  1.326000  1.427000  1.550250  1.665275
  1.747800  1.811000  1.884500  2.001250
  0.000000  0.573980  0.265358  0.059854  0.100808  0.000000  0.000000  0.000000
  0.000000  0.000000  0.000000  0.000000  0.000000  0.000000  0.000000  0.000000
  0.000000  0.000000  0.000000  0.000000
  4.000000  0.573980  0.265358  0.059854  0.100808  0.000000  0.000000  0.000000
  0.000000  0.000000  0.000000  0.000000  0.000000  0.000000  0.000000  0.000000
  0.000000  0.000000  0.000000  0.000000
  5.000000  0.160311  0.120512  0.046499  0.170101  0.072256  0.096150  0.078779
  0.117715  0.055350  0.079692  0.002635  0.000000  0.000000  0.000000  0.000000
  0.000000  0.000000  0.000000  0.000000
  6.000000  0.082064  0.066946  0.027170  0.097888  0.045885  0.063707  0.057134
  0.091533  0.048737  0.111511  0.063638  0.027898  0.033309  0.066199  0.047345
  0.020937  0.015664  0.017784  0.014652
  7.000000  0.038931  0.030475  0.012087  0.053731  0.028913  0.036142  0.034280
  0.055113  0.032200  0.090421  0.060330  0.025709  0.027022  0.071560  0.055407
  0.030554  0.016143  0.031099  0.269882
  8.000000  0.019350  0.013861  0.005267  0.032282  0.018976  0.020184  0.019895
  0.031613  0.019193  0.062236  0.045744  0.017256  0.016026  0.056440  0.043818
  0.027358  0.010218  0.028449  0.511834
  9.000000  0.009820  0.006523  0.002377  0.020311  0.012011  0.011180  0.011239
  0.017938  0.010904  0.040120  0.030957  0.010080  0.008358  0.037248  0.027816
  0.018822  0.005201  0.018857  0.700237
 10.000000  0.005271  0.003324  0.001172  0.013192  0.007512  0.006410  0.006469
  0.010519  0.006278  0.025795  0.020296  0.005823  0.004468  0.023695  0.016933
  0.012120  0.002665  0.011582  0.816475
00190410  2  2           Transition to the ground level only, added by rl
-3.3894        0.000   0.14636
     0.000  1.000000  0.000000
     9.900  1.000000  0.000000
00200420 19 6     ca42 empire calculation
 -5.186000  0.000000  0.036700  0.039700  0.329500  0.744100  1.227000  1.353600
  1.468200  1.543300  1.799200  1.882100  1.987200  2.258400  2.432100  2.509500
  2.656500  2.875275  3.043825  3.178100
  0.000000  0.230361  0.534065  0.235574  0.000000  0.000000  0.000000  0.000000
  0.000000  0.000000  0.000000  0.000000  0.000000  0.000000  0.000000  0.000000
  0.000000  0.000000  0.000000  0.000000
  6.000000  0.230361  0.534065  0.235574  0.000000  0.000000  0.000000  0.000000
  0.000000  0.000000  0.000000  0.000000  0.000000  0.000000  0.000000  0.000000
  0.000000  0.000000  0.000000  0.000000
  7.000000  0.201724  0.267623  0.221953  0.195672  0.113028  0.000000  0.000000
  0.000000  0.000000  0.000000  0.000000  0.000000  0.000000  0.000000  0.000000
  0.000000  0.000000  0.000000  0.000000
  8.000000  0.142328  0.147350  0.154297  0.135072  0.118820  0.063116  0.037698
  0.027309  0.088659  0.033955  0.022172  0.029225  0.000000  0.000000  0.000000
  0.000000  0.000000  0.000000  0.000000
  9.000000  0.097909  0.077748  0.094622  0.075844  0.083866  0.072158  0.057416
  0.044973  0.089433  0.040634  0.045297  0.072683  0.030545  0.026630  0.058962
  0.005789  0.023523  0.001932  0.000035
 10.000000  0.063321  0.039506  0.054922  0.039686  0.048459  0.053116  0.052361
  0.047431  0.059299  0.028131  0.047563  0.071845  0.031323  0.035205  0.087102
  0.019564  0.050067  0.037977  0.133122
00200420  2  2           Transition to the ground level only, added by rl
-5.18770       0.000   0.14636
     0.000  1.000000  0.000000
     9.900  1.000000  0.000000
00200430  2  2           Transition to the ground level only, added by rl
-0.06840       0.000   0.14636
     0.000  1.000000  0.000000
     9.900  1.000000  0.000000
00200430 19 10     ca43 empire calculation
  0.071000  0.000000  0.889300  2.009900  2.611000  2.961800  3.058600  3.168200
  3.224350  3.318500  3.441200  3.592137  3.707838  3.780000  3.844100  3.915900
  4.019000  4.164050  4.316000  4.370000
  0.000000  0.139162  0.860838  0.000000  0.000000  0.000000  0.000000  0.000000
  0.000000  0.000000  0.000000  0.000000  0.000000  0.000000  0.000000  0.000000
  0.000000  0.000000  0.000000  0.000000
  1.500000  0.139162  0.860838  0.000000  0.000000  0.000000  0.000000  0.000000
  0.000000  0.000000  0.000000  0.000000  0.000000  0.000000  0.000000  0.000000
  0.000000  0.000000  0.000000  0.000000
  3.000000  0.099046  0.507680  0.392597  0.000634  0.000000  0.000000  0.000000
  0.000000  0.000000  0.000000  0.000000  0.000000  0.000000  0.000000  0.000000
  0.000000  0.000000  0.000000  0.000044
  4.000000  0.027942  0.170770  0.291024  0.006897  0.047681  0.100930  0.013216
  0.060565  0.139271  0.079373  0.055044  0.007219  0.000000  0.000000  0.000000
  0.000000  0.000000  0.000000  0.000068
  5.000000  0.010435  0.057215  0.104717  0.004090  0.031633  0.058147  0.012726
  0.053516  0.112978  0.061355  0.067568  0.061783  0.001440  0.186989  0.075511
  0.024620  0.047223  0.001429  0.026625
  6.000000  0.005925  0.029985  0.056247  0.002763  0.019534  0.034808  0.009025
  0.036262  0.084737  0.042629  0.054268  0.058612  0.001694  0.173187  0.075823
  0.031303  0.055914  0.003742  0.223543
  7.000000  0.003760  0.018410  0.034738  0.001978  0.012400  0.021159  0.006043
  0.023483  0.061041  0.027278  0.036307  0.041424  0.001402  0.125624  0.054988
  0.024191  0.042839  0.003770  0.459166
  8.000000  0.002246  0.010969  0.021226  0.001312  0.007521  0.012375  0.003813
  0.014292  0.041918  0.016314  0.022110  0.025896  0.000988  0.079659  0.034055
  0.015330  0.026194  0.002706  0.661075
  9.000000  0.001321  0.006494  0.012978  0.000837  0.004563  0.007338  0.002382
  0.008693  0.028114  0.009818  0.013446  0.016001  0.000656  0.049403  0.020743
  0.009470  0.015640  0.001790  0.790314
 10.000000  0.000768  0.003807  0.007733  0.000516  0.002753  0.004360  0.001462
  0.005263  0.017307  0.005893  0.008156  0.009810  0.000416  0.029884  0.012582
  0.005809  0.009393  0.001140  0.872947
00200440  2  2           Transition to the ground level only, added by rl
-2.18250       0.000   0.14636
     0.000  1.000000  0.000000
     9.900  1.000000  0.000000
00200440 19 8     ca44 empire calculation
 -2.183000  0.000000  0.159400  1.251350  1.444300  1.549800  1.670000  1.809450
  2.164950  2.278300  2.354450  2.411250  2.511150  2.560550  2.609500  2.678325
  2.753250  2.814356  2.858400  3.042300
  0.000000  0.452077  0.271240  0.276109  0.000574  0.000000  0.000000  0.000000
  0.000000  0.000000  0.000000  0.000000  0.000000  0.000000  0.000000  0.000000
  0.000000  0.000000  0.000000  0.000000
  4.000000  0.452077  0.271240  0.276109  0.000574  0.000000  0.000000  0.000000
  0.000000  0.000000  0.000000  0.000000  0.000000  0.000000  0.000000  0.000000
  0.000000  0.000000  0.000000  0.000000
  5.000000  0.175163  0.124106  0.176771  0.015025  0.118448  0.093968  0.157067
  0.075229  0.041918  0.022285  0.000000  0.000000  0.000000  0.000000  0.000000
  0.000000  0.000000  0.000000  0.000021
  6.000000  0.064264  0.049784  0.077161  0.011612  0.052750  0.054944  0.082429
  0.068861  0.063965  0.043274  0.039654  0.083482  0.052703  0.041246  0.036917
  0.003198  0.076653  0.059307  0.037798
  7.000000  0.034214  0.028918  0.044798  0.009548  0.028939  0.032336  0.047041
  0.049097  0.050639  0.032504  0.033816  0.065814  0.039613  0.038247  0.039418
  0.006903  0.080488  0.064075  0.273591
  8.000000  0.020102  0.018958  0.028082  0.008823  0.015403  0.018204  0.024574
  0.029567  0.031840  0.020807  0.023503  0.038669  0.022329  0.026229  0.030797
  0.008922  0.056537  0.046054  0.530600
  9.000000  0.011934  0.012484  0.018113  0.007905  0.008125  0.010271  0.012696
  0.016828  0.018687  0.013246  0.015508  0.020780  0.011454  0.016167  0.022060
  0.009399  0.034506  0.028122  0.711715
 10.000000  0.007202  0.008160  0.011910  0.006615  0.004452  0.005979  0.006892
  0.009713  0.011045  0.008725  0.010258  0.011458  0.006070  0.009873  0.015685
  0.008823  0.021002  0.016818  0.819321
00200460 19 9     ca46 empire calculation
 -0.223000  0.000000  1.381800  1.542100  1.601225  1.742750  2.261300  2.491125
  2.664300  2.720950  2.980500  3.040600  3.175300  3.275500  3.444150  3.511000
  3.625600  3.725450  3.828725  3.935425
  0.000000  0.000000  0.000000  0.000000  0.000000  0.000000  0.000000  1.000000
  0.000000  0.000000  0.000000  0.000000  0.000000  0.000000  0.000000  0.000000
  0.000000  0.000000  0.000000  0.000000
  3.000000  0.000000  0.000000  0.000000  0.000000  0.000000  0.000000  1.000000
  0.000000  0.000000  0.000000  0.000000  0.000000  0.000000  0.000000  0.000000
  0.000000  0.000000  0.000000  0.000000
  4.000000  0.081502  0.110979  0.009626  0.197272  0.141011  0.051259  0.184314
  0.058429  0.057111  0.015744  0.036402  0.027125  0.025141  0.004065  0.000000
  0.000000  0.000000  0.000000  0.000020
  5.000000  0.044505  0.056151  0.009038  0.112209  0.078248  0.037093  0.127835
  0.045158  0.046291  0.019471  0.044110  0.025556  0.032986  0.064011  0.016509
  0.045370  0.038199  0.063878  0.093383
  6.000000  0.027639  0.031057  0.007236  0.068127  0.045715  0.024213  0.079713
  0.027517  0.029937  0.015775  0.033277  0.016716  0.024576  0.052564  0.017736
  0.050661  0.047778  0.067757  0.332006
  7.000000  0.018070  0.017431  0.006240  0.042971  0.027049  0.015541  0.049112
  0.015457  0.018303  0.011578  0.022407  0.009445  0.015030  0.034190  0.012967
  0.036994  0.036171  0.047695  0.563349
  8.000000  0.012221  0.009830  0.005756  0.028001  0.016141  0.009947  0.031917
  0.008635  0.011662  0.008462  0.015617  0.005040  0.008785  0.020960  0.008559
  0.024826  0.024448  0.029215  0.719979
  9.000000  0.007899  0.005380  0.004916  0.017649  0.009304  0.006025  0.020888
  0.004720  0.007667  0.005750  0.010537  0.002605  0.005188  0.012309  0.005217
  0.015577  0.015357  0.016680  0.826330
 10.000000  0.005226  0.003121  0.004066  0.011545  0.005637  0.003774  0.014625
  0.002759  0.005539  0.003924  0.007278  0.001457  0.003551  0.007620  0.003279
  0.010045  0.009904  0.010036  0.886614
00200460  2  2           Transition to the ground level only, added by rl
-0.2227        0.000   0.14636
     0.000  1.000000  0.000000
     9.900  1.000000  0.000000
00200480 19 8     ca48 empire calculation
 -0.134000  0.000000  1.166700  1.437300  1.567500  2.171050  2.344600  2.717050
  2.912550  3.062300  3.205600  3.631300  3.771300  4.058500  4.179300  4.470000
  4.585500  4.804012  5.005500  5.102000
  0.000000  0.201717  0.120604  0.079905  0.110011  0.213931  0.007668  0.072688
  0.101551  0.022304  0.069621  0.000000  0.000000  0.000000  0.000000  0.000000
  0.000000  0.000000  0.000000  0.000000
  4.000000  0.201717  0.120604  0.079905  0.110011  0.213931  0.007668  0.072688
  0.101551  0.022304  0.069621  0.000000  0.000000  0.000000  0.000000  0.000000
  0.000000  0.000000  0.000000  0.000000
  5.000000  0.130138  0.080216  0.065014  0.084346  0.173992  0.012477  0.086519
  0.115649  0.035316  0.106381  0.032341  0.013419  0.026837  0.036944  0.000409
  0.000000  0.000000  0.000000  0.000000
  6.000000  0.075689  0.044564  0.048179  0.058722  0.115599  0.012728  0.074638
  0.083439  0.032921  0.085240  0.039684  0.019487  0.051530  0.067231  0.015639
  0.056526  0.060210  0.025173  0.032801
  7.000000  0.039900  0.022565  0.031829  0.035607  0.066751  0.011487  0.053925
  0.049315  0.023921  0.053596  0.029676  0.015225  0.043298  0.050958  0.017073
  0.047000  0.051119  0.036471  0.320284
  8.000000  0.022093  0.011896  0.021709  0.022081  0.039389  0.010624  0.039814
  0.029234  0.017257  0.033690  0.021332  0.012149  0.030784  0.032613  0.013654
  0.028194  0.036249  0.028063  0.549175
  9.000000  0.014508  0.007517  0.016878  0.015771  0.027072  0.010822  0.033606
  0.020156  0.013898  0.024531  0.018051  0.011139  0.023815  0.023407  0.011299
  0.018383  0.028886  0.020752  0.659510
 10.000000  0.009315  0.004710  0.012337  0.010795  0.018028  0.009854  0.026882
  0.013504  0.010396  0.017186  0.014921  0.009329  0.017313  0.016142  0.008577
  0.011774  0.022221  0.014313  0.752401
00200480  2  2           Transition to the ground level only, added by rl
-0.133         0.000   0.14636
     0.000  1.000000  0.000000
     9.900  1.000000  0.000000
00220460 19 9     ti46 empire calculation
  1.209000  0.000000  1.434100  2.369600  2.646900  2.767800  2.964800  3.137800
  3.415300  3.472200  3.615900  3.771700  3.950100  4.027350  4.100000  4.470000
  4.563000  4.619200  4.724150  4.824050
  0.000000  0.048127  0.177462  0.190081  0.011577  0.157611  0.091753  0.084870
  0.087762  0.099811  0.018688  0.026294  0.005928  0.000000  0.000000  0.000000
  0.000000  0.000000  0.000000  0.000036
  3.000000  0.048127  0.177462  0.190081  0.011577  0.157611  0.091753  0.084870
  0.087762  0.099811  0.018688  0.026294  0.005928  0.000000  0.000000  0.000000
  0.000000  0.000000  0.000000  0.000036
  4.000000  0.019433  0.071867  0.101075  0.008066  0.091577  0.046432  0.100035
  0.073075  0.056936  0.061739  0.029919  0.073751  0.093776  0.050685  0.031565
  0.027432  0.037656  0.013064  0.011918
  5.000000  0.011415  0.042685  0.060722  0.005555  0.056227  0.030279  0.072251
  0.048985  0.039350  0.045146  0.024217  0.063474  0.080899  0.042261  0.035749
  0.033844  0.056033  0.040120  0.210787
  6.000000  0.006911  0.026402  0.037801  0.003881  0.035411  0.019758  0.048864
  0.031672  0.025593  0.030394  0.016624  0.044394  0.056241  0.025994  0.024189
  0.023672  0.044694  0.037620  0.459884
  7.000000  0.004424  0.017302  0.024822  0.002797  0.023458  0.013528  0.034274
  0.021260  0.017268  0.020998  0.011610  0.031048  0.038838  0.016470  0.015522
  0.015287  0.031509  0.029202  0.630385
  8.000000  0.002594  0.010476  0.015418  0.001790  0.014664  0.008474  0.022962
  0.013418  0.010766  0.013865  0.007399  0.020335  0.025252  0.010022  0.009435
  0.009291  0.020034  0.020879  0.762928
  9.000000  0.001495  0.006267  0.009629  0.001098  0.009198  0.005195  0.015486
  0.008482  0.006655  0.009216  0.004612  0.013277  0.016488  0.006191  0.005840
  0.005752  0.012693  0.015314  0.847115
 10.000000  0.000839  0.003653  0.005893  0.000646  0.005648  0.003090  0.010067
  0.005242  0.004022  0.005942  0.002781  0.008409  0.010491  0.003763  0.003568
  0.003518  0.007892  0.010743  0.903793
00220460  2  2           Transition to the ground level only, added by rl
-4.4393        0.000   0.14636
     0.000  1.000000  0.000000
     9.900  1.000000  0.000000
00220470 19 9     ti47 empire calculation
 -0.324000  0.000000  0.783300  1.881300  2.924500  3.162400  3.324600  3.617137
  3.695350  3.814488  3.885775  3.937700  4.058125  4.129700  4.199950  4.282000
  4.356500  4.535050  4.664750  4.753625
  0.000000  0.133925  0.735380  0.130665  0.000000  0.000000  0.000000  0.000000
  0.000000  0.000000  0.000000  0.000000  0.000000  0.000000  0.000000  0.000000
  0.000000  0.000000  0.000000  0.000030
  3.000000  0.133925  0.735380  0.130665  0.000000  0.000000  0.000000  0.000000
  0.000000  0.000000  0.000000  0.000000  0.000000  0.000000  0.000000  0.000000
  0.000000  0.000000  0.000000  0.000030
  4.000000  0.089349  0.410549  0.307898  0.106349  0.068417  0.017361  0.000000
  0.000000  0.000000  0.000000  0.000000  0.000000  0.000000  0.000000  0.000000
  0.000000  0.000000  0.000000  0.000077
  5.000000  0.032127  0.136284  0.119536  0.075214  0.099051  0.060761  0.141280
  0.092026  0.075059  0.073036  0.025530  0.041980  0.015051  0.012727  0.000270
  0.000000  0.000000  0.000000  0.000068
  6.000000  0.014954  0.062853  0.059712  0.042222  0.063361  0.042778  0.123962
  0.082175  0.083472  0.083929  0.028092  0.049425  0.024453  0.037098  0.033833
  0.024531  0.035804  0.021582  0.085764
  7.000000  0.008372  0.035121  0.035891  0.025313  0.042422  0.028146  0.083765
  0.057218  0.065689  0.063206  0.020561  0.036142  0.019473  0.031253  0.026765
  0.024293  0.037910  0.028372  0.330087
  8.000000  0.004667  0.019861  0.022319  0.014804  0.028456  0.017984  0.051973
  0.036127  0.045885  0.041061  0.012571  0.021420  0.012153  0.019800  0.015839
  0.017103  0.026751  0.022201  0.569025
  9.000000  0.002559  0.011185  0.013963  0.008522  0.019226  0.011405  0.031737
  0.022213  0.031178  0.025656  0.007300  0.012343  0.007080  0.011515  0.009059
  0.011408  0.017766  0.015350  0.730536
 10.000000  0.001438  0.006501  0.008966  0.005045  0.013327  0.007423  0.019978
  0.014027  0.021556  0.016419  0.004349  0.007430  0.004220  0.006811  0.005484
  0.007791  0.012257  0.010722  0.826257
00220470  2  2           Transition to the ground level only, added by rl
-0.3193        0.000   0.14636
     0.000  1.000000  0.000000
     9.900  1.000000  0.000000
00220480 19 8     ti48 empire calculation
 -2.688000  0.000000  0.749100  0.777000  1.164600  1.352600  1.480100  1.557300
  1.899200  2.001900  2.284050  2.382450  2.733325  2.828500  2.929487  3.033038
  3.119775  3.193175  3.264750  3.361475
  0.000000  0.359096  0.357969  0.282934  0.000000  0.000000  0.000000  0.000000
  0.000000  0.000000  0.000000  0.000000  0.000000  0.000000  0.000000  0.000000
  0.000000  0.000000  0.000000  0.000000
  4.000000  0.359096  0.357969  0.282934  0.000000  0.000000  0.000000  0.000000
  0.000000  0.000000  0.000000  0.000000  0.000000  0.000000  0.000000  0.000000
  0.000000  0.000000  0.000000  0.000000
  5.000000  0.220685  0.325623  0.233247  0.031422  0.106893  0.012594  0.052673
  0.016863  0.000000  0.000000  0.000000  0.000000  0.000000  0.000000  0.000000
  0.000000  0.000000  0.000000  0.000000
  6.000000  0.133583  0.199239  0.134637  0.035236  0.117297  0.018308  0.072553
  0.120017  0.068520  0.033490  0.010312  0.052085  0.004696  0.000000  0.000000
  0.000000  0.000000  0.000000  0.000029
  7.000000  0.057096  0.068248  0.043703  0.023177  0.053665  0.013588  0.039713
  0.054797  0.044093  0.031588  0.016523  0.079719  0.034016  0.138828  0.109745
  0.065334  0.018351  0.025975  0.081841
  8.000000  0.031382  0.030853  0.018841  0.016617  0.028490  0.010786  0.023758
  0.026695  0.025458  0.022667  0.015813  0.056759  0.021954  0.103617  0.085752
  0.054960  0.024127  0.026896  0.374576
  9.000000  0.021170  0.016744  0.009760  0.014220  0.017772  0.010386  0.016835
  0.014578  0.016190  0.018181  0.016130  0.041382  0.012772  0.065949  0.056919
  0.037001  0.022982  0.021116  0.569911
 10.000000  0.013152  0.008669  0.004885  0.010584  0.010248  0.008757  0.010786
  0.007506  0.009387  0.013506  0.014050  0.027778  0.006582  0.036711  0.033588
  0.021051  0.017552  0.013741  0.731467
00220480  2  2           Transition to the ground level only, added by rl
-2.6853        0.000   0.14636
     0.000  1.000000  0.000000
     9.900  1.000000  0.000000
00220490 19 9     ti49 empire calculation
  1.209000  0.000000  1.434100  2.369600  2.646900  2.767800  2.964800  3.137800
  3.415300  3.472200  3.615900  3.771700  3.950100  4.027350  4.100000  4.470000
  4.563000  4.619200  4.724150  4.824050
  0.000000  0.048127  0.177462  0.190081  0.011577  0.157611  0.091753  0.084870
  0.087762  0.099811  0.018688  0.026294  0.005928  0.000000  0.000000  0.000000
  0.000000  0.000000  0.000000  0.000036
  3.000000  0.048127  0.177462  0.190081  0.011577  0.157611  0.091753  0.084870
  0.087762  0.099811  0.018688  0.026294  0.005928  0.000000  0.000000  0.000000
  0.000000  0.000000  0.000000  0.000036
  4.000000  0.019433  0.071867  0.101075  0.008066  0.091577  0.046432  0.100035
  0.073075  0.056936  0.061739  0.029919  0.073751  0.093776  0.050685  0.031565
  0.027432  0.037656  0.013064  0.011918
  5.000000  0.011415  0.042685  0.060722  0.005555  0.056227  0.030279  0.072251
  0.048985  0.039350  0.045146  0.024217  0.063474  0.080899  0.042261  0.035749
  0.033844  0.056033  0.040120  0.210787
  6.000000  0.006911  0.026402  0.037801  0.003881  0.035411  0.019758  0.048864
  0.031672  0.025593  0.030394  0.016624  0.044394  0.056241  0.025994  0.024189
  0.023672  0.044694  0.037620  0.459884
  7.000000  0.004424  0.017302  0.024822  0.002797  0.023458  0.013528  0.034274
  0.021260  0.017268  0.020998  0.011610  0.031048  0.038838  0.016470  0.015522
  0.015287  0.031509  0.029202  0.630385
  8.000000  0.002594  0.010476  0.015418  0.001790  0.014664  0.008474  0.022962
  0.013418  0.010766  0.013865  0.007399  0.020335  0.025252  0.010022  0.009435
  0.009291  0.020034  0.020879  0.762928
  9.000000  0.001495  0.006267  0.009629  0.001098  0.009198  0.005195  0.015486
  0.008482  0.006655  0.009216  0.004612  0.013277  0.016488  0.006191  0.005840
  0.005752  0.012693  0.015314  0.847115
 10.000000  0.000839  0.003653  0.005893  0.000646  0.005648  0.003090  0.010067
  0.005242  0.004022  0.005942  0.002781  0.008409  0.010491  0.003763  0.003568
  0.003518  0.007892  0.010743  0.903793
00220490  2  2           Transition to the ground level only, added by rl
1.2117         0.000   0.14636
     0.000  1.000000  0.000000
     9.900  1.000000  0.000000
00220500  2  2           Transition to the ground level only, added by rl
-1.7883        0.000   0.14636
     0.000  1.000000  0.000000
     9.900  1.000000  0.000000
00220500 19 8     ti50 empire calculation
 -1.791000  0.000000  0.564000  1.006300  1.289500  1.536600  1.973700  2.172300
  2.233200  2.320700  2.453100  2.689125  2.798750  2.992900  3.084100  3.156600
  3.252850  3.366350  3.434600  3.606475
  0.000000  0.441385  0.261256  0.170503  0.076303  0.050553  0.000000  0.000000
  0.000000  0.000000  0.000000  0.000000  0.000000  0.000000  0.000000  0.000000
  0.000000  0.000000  0.000000  0.000000
  4.000000  0.441385  0.261256  0.170503  0.076303  0.050553  0.000000  0.000000
  0.000000  0.000000  0.000000  0.000000  0.000000  0.000000  0.000000  0.000000
  0.000000  0.000000  0.000000  0.000000
  5.000000  0.220757  0.135668  0.136308  0.089307  0.077723  0.072798  0.011525
  0.014982  0.075384  0.050887  0.107943  0.006719  0.000000  0.000000  0.000000
  0.000000  0.000000  0.000000  0.000000
  6.000000  0.103312  0.062590  0.075958  0.055156  0.051175  0.057373  0.012496
  0.018463  0.063683  0.042140  0.186867  0.034617  0.021410  0.000997  0.091527
  0.033112  0.026886  0.010575  0.051665
  7.000000  0.052996  0.031196  0.044946  0.035588  0.033652  0.037383  0.010769
  0.015739  0.039059  0.024869  0.135809  0.032783  0.022291  0.001719  0.090883
  0.036111  0.041606  0.017660  0.294941
  8.000000  0.028257  0.016023  0.027219  0.023872  0.022844  0.023543  0.009694
  0.013413  0.021896  0.013298  0.083810  0.026223  0.017153  0.002262  0.058181
  0.024698  0.033828  0.015420  0.538367
  9.000000  0.014686  0.008008  0.015783  0.015402  0.014867  0.013950  0.008546
  0.010769  0.011476  0.006651  0.048561  0.019696  0.011721  0.002798  0.032183
  0.015972  0.022223  0.010823  0.715885
 10.000000  0.007522  0.003989  0.008792  0.009367  0.009094  0.007881  0.006795
  0.007736  0.005902  0.003308  0.027854  0.013789  0.007393  0.002962  0.017240
  0.010632  0.013417  0.006874  0.829453
00240500  2  2           Transition to the ground level only, added by vk
-5.00000       0.000   0.14636
     0.000  1.000000  0.000000
     9.900  1.000000  0.000000
00250550 19 8     mn55 empire calculation
 -3.511000  0.000000  0.024900  0.053200  0.111800  0.369800  0.457500  0.885600
  1.060850  1.133000  1.184600  1.236600  1.362725  1.428050  1.535075  1.605600
  1.669900  1.761025  1.831825  1.866750
  0.000000  0.632395  0.004812  0.102446  0.260348  0.000000  0.000000  0.000000
  0.000000  0.000000  0.000000  0.000000  0.000000  0.000000  0.000000  0.000000
  0.000000  0.000000  0.000000  0.000000
  4.000000  0.632395  0.004812  0.102446  0.260348  0.000000  0.000000  0.000000
  0.000000  0.000000  0.000000  0.000000  0.000000  0.000000  0.000000  0.000000
  0.000000  0.000000  0.000000  0.000000
  5.000000  0.165889  0.103293  0.139533  0.162179  0.202873  0.093035  0.053241
  0.076960  0.002998  0.000000  0.000000  0.000000  0.000000  0.000000  0.000000
  0.000000  0.000000  0.000000  0.000000
  6.000000  0.050268  0.048047  0.055969  0.057883  0.094153  0.047773  0.040564
  0.112769  0.018066  0.023742  0.025300  0.103665  0.068929  0.085631  0.018815
  0.016779  0.063980  0.028832  0.038836
  7.000000  0.023449  0.026508  0.028569  0.028164  0.050206  0.025588  0.022862
  0.070572  0.010974  0.018008  0.016342  0.071540  0.058289  0.074910  0.017357
  0.016758  0.070624  0.034426  0.334852
  8.000000  0.012530  0.015409  0.016015  0.015303  0.028686  0.014646  0.012914
  0.041543  0.006307  0.011483  0.009427  0.040448  0.037110  0.046843  0.010813
  0.010627  0.045474  0.022199  0.602222
  9.000000  0.007056  0.009744  0.009644  0.008848  0.017630  0.008984  0.007690
  0.025883  0.003706  0.007737  0.005569  0.024047  0.024282  0.029120  0.006591
  0.006495  0.027879  0.013467  0.755628
 10.000000  0.003939  0.006265  0.005844  0.005116  0.010914  0.005523  0.004566
  0.016255  0.002122  0.005244  0.003253  0.014429  0.016057  0.018086  0.004010
  0.003959  0.017058  0.008195  0.849165
00250550  2  2           Transition to the ground level only, added by vk
-3.50000       0.000   0.14636
     0.000  1.000000  0.000000
     9.900  1.000000  0.000000
00260540  2  2           Transition to the ground level only, added by vk
-5.82000       0.000   0.14636
     0.000  1.000000  0.000000
     9.900  1.000000  0.000000
00260560 19 6     fe56 empire calculation
 -5.096000  0.000000  0.339400  0.465000  0.877900  1.188800  1.319650  1.687350
  1.754462  1.947900  2.330000  2.421500  2.480000  2.543175  2.633550  2.697850
  2.893600  3.044650  3.128700  3.172800
  0.000000  0.657365  0.284151  0.058484  0.000000  0.000000  0.000000  0.000000
  0.000000  0.000000  0.000000  0.000000  0.000000  0.000000  0.000000  0.000000
  0.000000  0.000000  0.000000  0.000000
  6.000000  0.657365  0.284151  0.058484  0.000000  0.000000  0.000000  0.000000
  0.000000  0.000000  0.000000  0.000000  0.000000  0.000000  0.000000  0.000000
  0.000000  0.000000  0.000000  0.000000
  7.000000  0.299709  0.270395  0.155184  0.138615  0.066751  0.069346  0.000000
  0.000000  0.000000  0.000000  0.000000  0.000000  0.000000  0.000000  0.000000
  0.000000  0.000000  0.000000  0.000000
  8.000000  0.148890  0.130758  0.085329  0.111554  0.086027  0.128447  0.112690
  0.162494  0.030283  0.003497  0.000000  0.000000  0.000000  0.000000  0.000000
  0.000000  0.000000  0.000000  0.000032
  9.000000  0.071255  0.070806  0.039432  0.058147  0.055203  0.080234  0.090834
  0.144269  0.036053  0.027409  0.052598  0.031541  0.050156  0.035970  0.070903
  0.014817  0.037973  0.014609  0.017791
 10.000000  0.034881  0.040186  0.018677  0.029254  0.032797  0.048326  0.052763
  0.106269  0.026989  0.023689  0.043397  0.021252  0.051176  0.032246  0.074106
  0.015632  0.065034  0.029024  0.254301
00260560  2  2           Transition to the ground level only, added by rl
-5.0961        0.000   0.14636
     0.000  1.000000  0.000000
     9.900  1.000000  0.000000
00260570 19 9     fe57 empire calculation
 -1.354000  0.000000  1.332500  2.158600  2.284900  2.505800  2.626100  3.121850
  3.190000  3.269400  3.318700  3.387250  3.604650  3.709375  3.904500  4.025775
  4.097250  4.178200  4.265100  4.327450
  0.000000  0.992010  0.000000  0.000000  0.000000  0.000000  0.000000  0.000000
  0.000000  0.000000  0.000000  0.000000  0.000000  0.000000  0.000000  0.000000
  0.000000  0.000000  0.000000  0.007990
  3.000000  0.992010  0.000000  0.000000  0.000000  0.000000  0.000000  0.000000
  0.000000  0.000000  0.000000  0.000000  0.000000  0.000000  0.000000  0.000000
  0.000000  0.000000  0.000000  0.007990
  4.000000  0.617045  0.000000  0.000000  0.355733  0.000000  0.000000  0.000000
  0.000000  0.000000  0.000000  0.000000  0.000000  0.000000  0.000000  0.000000
  0.000000  0.000000  0.000000  0.027222
  5.000000  0.126803  0.278636  0.193102  0.070302  0.078037  0.095755  0.070238
  0.074064  0.012994  0.000000  0.000000  0.000000  0.000000  0.000000  0.000000
  0.000000  0.000000  0.000000  0.000069
  6.000000  0.039993  0.100598  0.080713  0.028112  0.048682  0.058612  0.084979
  0.095878  0.046269  0.018651  0.079174  0.078983  0.090226  0.073416  0.047544
  0.020771  0.007325  0.000000  0.000073
  7.000000  0.017005  0.048720  0.041242  0.013101  0.026933  0.033318  0.053867
  0.058256  0.030843  0.010719  0.057100  0.060458  0.087241  0.085808  0.071161
  0.040975  0.027722  0.006434  0.229099
  8.000000  0.008267  0.026414  0.023391  0.006781  0.017828  0.020982  0.034274
  0.034301  0.018722  0.005819  0.035644  0.036466  0.059250  0.059267  0.050522
  0.030239  0.022507  0.005829  0.503496
  9.000000  0.004245  0.014875  0.013613  0.003613  0.012345  0.013542  0.022618
  0.021045  0.011458  0.003179  0.022771  0.022216  0.039998  0.038508  0.032408
  0.019289  0.016020  0.004924  0.683334
 10.000000  0.002145  0.008129  0.007560  0.001845  0.008184  0.008256  0.014235
  0.012376  0.006618  0.001657  0.013829  0.013065  0.025920  0.023721  0.019683
  0.011505  0.011016  0.004224  0.806031
00260570  2  2           Transition to the ground level only, added by rl
-1.3544        0.000   0.14636
     0.000  1.000000  0.000000
     9.900  1.000000  0.000000
00260580 19 7     fe58 empire calculation
 -3.578000  0.000000  0.067400  0.283000  0.656000  0.908600  1.015200  1.150575
  1.454600  1.609600  1.729500  1.807700  2.005400  2.125675  2.436925  2.526000
  2.615950  2.707000  2.783000  2.880750
  0.000000  0.322996  0.267807  0.186258  0.125421  0.065025  0.032494  0.000000
  0.000000  0.000000  0.000000  0.000000  0.000000  0.000000  0.000000  0.000000
  0.000000  0.000000  0.000000  0.000000
  5.000000  0.322996  0.267807  0.186258  0.125421  0.065025  0.032494  0.000000
  0.000000  0.000000  0.000000  0.000000  0.000000  0.000000  0.000000  0.000000
  0.000000  0.000000  0.000000  0.000000
  6.000000  0.154418  0.135914  0.096195  0.084284  0.085534  0.067701  0.244083
  0.039868  0.033487  0.036675  0.014226  0.007615  0.000000  0.000000  0.000000
  0.000000  0.000000  0.000000  0.000000
  7.000000  0.082076  0.075777  0.050232  0.046614  0.057387  0.045362  0.175423
  0.036975  0.041692  0.047747  0.017606  0.070978  0.090741  0.047617  0.012468
  0.027488  0.028878  0.032206  0.012734
  8.000000  0.041622  0.042846  0.024663  0.023288  0.034787  0.029881  0.099730
  0.025773  0.028237  0.029116  0.015400  0.059807  0.070349  0.051598  0.016415
  0.036418  0.040704  0.050228  0.279135
  9.000000  0.021986  0.024922  0.012566  0.012020  0.021600  0.020433  0.057843
  0.018296  0.018453  0.016589  0.013029  0.044551  0.047054  0.038356  0.013296
  0.026360  0.027697  0.034629  0.530319
 10.000000  0.011066  0.013669  0.006115  0.005898  0.012354  0.012848  0.031355
  0.011904  0.011032  0.008834  0.009947  0.030335  0.030512  0.025764  0.009332
  0.016491  0.015983  0.019788  0.716774
00260580  2  2           Transition to the ground level only, added by rl
-3.5789        0.000   0.14636
     0.000  1.000000  0.000000
     9.900  1.000000  0.000000
00270590  2  2           Transition to the ground level only, added by vk
-5.10000       0.000   0.14636
     0.000  1.000000  0.000000
     9.900  1.000000  0.000000
00280600  2  2           Transition to the ground level only, added by vk
-7.90000       0.000   0.14636
     0.000  1.000000  0.000000
     9.900  1.000000  0.000000
00280620  2  2           Transition to the ground level only, added by vk
-6.50000       0.000   0.14636
     0.000  1.000000  0.000000
     9.900  1.000000  0.000000
00280640  2  2           Transition to the ground level only, added by vk
-4.90000       0.000   0.14636
     0.000  1.000000  0.000000
     9.900  1.000000  0.000000
00290630  2  2           Transition to the ground level only, added by vk
-7.50000       0.000   0.14636
     0.000  1.000000  0.000000
     9.900  1.000000  0.000000
00290650  2  2           Transition to the ground level only, added by vk
-5.80000       0.000   0.14636
     0.000  1.000000  0.000000
     9.900  1.000000  0.000000

