SOURCES 4C Calculation
<<<<<<<<<<<>>>>>>>>>>>



                      Summary of Input
                      ================
 
Title: SNOLAB - NORITE Th232                                                        
Homogeneous problem input (idd = 1)
Magnitudes and spectra computed (id = 2)
Ascending energy structure for output (erg =  1)
Number of elemental constituents:  9
Solid stopping cross-sections used (isg = 0)
 
Elemental Constituents:
 
  Z-value  Atom Fraction
  -------  -------------
      6     0.0001869140
      8     0.6594206691
     11     0.0168924164
     13     0.0534999892
     14     0.2133753300
     19     0.0058560949
     20     0.0212833788
     25     0.0004085980
     26     0.0268496089
 
Number of neutron spectrum energy groups: 240
Maximum neutron energy is  1.200E+01 MeV.
Minimum neutron energy is  0.000E+00 MeV.
 
Energy Group Structure:
 
  Group  Upper-Bound  Lower-Bound
  -----  -----------  -----------
     1     1.200E+01    1.195E+01
     2     1.195E+01    1.190E+01
     3     1.190E+01    1.185E+01
     4     1.185E+01    1.180E+01
     5     1.180E+01    1.175E+01
     6     1.175E+01    1.170E+01
     7     1.170E+01    1.165E+01
     8     1.165E+01    1.160E+01
     9     1.160E+01    1.155E+01
    10     1.155E+01    1.150E+01
    11     1.150E+01    1.145E+01
    12     1.145E+01    1.140E+01
    13     1.140E+01    1.135E+01
    14     1.135E+01    1.130E+01
    15     1.130E+01    1.125E+01
    16     1.125E+01    1.120E+01
    17     1.120E+01    1.115E+01
    18     1.115E+01    1.110E+01
    19     1.110E+01    1.105E+01
    20     1.105E+01    1.100E+01
    21     1.100E+01    1.095E+01
    22     1.095E+01    1.090E+01
    23     1.090E+01    1.085E+01
    24     1.085E+01    1.080E+01
    25     1.080E+01    1.075E+01
    26     1.075E+01    1.070E+01
    27     1.070E+01    1.065E+01
    28     1.065E+01    1.060E+01
    29     1.060E+01    1.055E+01
    30     1.055E+01    1.050E+01
    31     1.050E+01    1.045E+01
    32     1.045E+01    1.040E+01
    33     1.040E+01    1.035E+01
    34     1.035E+01    1.030E+01
    35     1.030E+01    1.025E+01
    36     1.025E+01    1.020E+01
    37     1.020E+01    1.015E+01
    38     1.015E+01    1.010E+01
    39     1.010E+01    1.005E+01
    40     1.005E+01    1.000E+01
    41     1.000E+01    9.950E+00
    42     9.950E+00    9.900E+00
    43     9.900E+00    9.850E+00
    44     9.850E+00    9.800E+00
    45     9.800E+00    9.750E+00
    46     9.750E+00    9.700E+00
    47     9.700E+00    9.650E+00
    48     9.650E+00    9.600E+00
    49     9.600E+00    9.550E+00
    50     9.550E+00    9.500E+00
    51     9.500E+00    9.450E+00
    52     9.450E+00    9.400E+00
    53     9.400E+00    9.350E+00
    54     9.350E+00    9.300E+00
    55     9.300E+00    9.250E+00
    56     9.250E+00    9.200E+00
    57     9.200E+00    9.150E+00
    58     9.150E+00    9.100E+00
    59     9.100E+00    9.050E+00
    60     9.050E+00    9.000E+00
    61     9.000E+00    8.950E+00
    62     8.950E+00    8.900E+00
    63     8.900E+00    8.850E+00
    64     8.850E+00    8.800E+00
    65     8.800E+00    8.750E+00
    66     8.750E+00    8.700E+00
    67     8.700E+00    8.650E+00
    68     8.650E+00    8.600E+00
    69     8.600E+00    8.550E+00
    70     8.550E+00    8.500E+00
    71     8.500E+00    8.450E+00
    72     8.450E+00    8.400E+00
    73     8.400E+00    8.350E+00
    74     8.350E+00    8.300E+00
    75     8.300E+00    8.250E+00
    76     8.250E+00    8.200E+00
    77     8.200E+00    8.150E+00
    78     8.150E+00    8.100E+00
    79     8.100E+00    8.050E+00
    80     8.050E+00    8.000E+00
    81     8.000E+00    7.950E+00
    82     7.950E+00    7.900E+00
    83     7.900E+00    7.850E+00
    84     7.850E+00    7.800E+00
    85     7.800E+00    7.750E+00
    86     7.750E+00    7.700E+00
    87     7.700E+00    7.650E+00
    88     7.650E+00    7.600E+00
    89     7.600E+00    7.550E+00
    90     7.550E+00    7.500E+00
    91     7.500E+00    7.450E+00
    92     7.450E+00    7.400E+00
    93     7.400E+00    7.350E+00
    94     7.350E+00    7.300E+00
    95     7.300E+00    7.250E+00
    96     7.250E+00    7.200E+00
    97     7.200E+00    7.150E+00
    98     7.150E+00    7.100E+00
    99     7.100E+00    7.050E+00
   100     7.050E+00    7.000E+00
   101     7.000E+00    6.950E+00
   102     6.950E+00    6.900E+00
   103     6.900E+00    6.850E+00
   104     6.850E+00    6.800E+00
   105     6.800E+00    6.750E+00
   106     6.750E+00    6.700E+00
   107     6.700E+00    6.650E+00
   108     6.650E+00    6.600E+00
   109     6.600E+00    6.550E+00
   110     6.550E+00    6.500E+00
   111     6.500E+00    6.450E+00
   112     6.450E+00    6.400E+00
   113     6.400E+00    6.350E+00
   114     6.350E+00    6.300E+00
   115     6.300E+00    6.250E+00
   116     6.250E+00    6.200E+00
   117     6.200E+00    6.150E+00
   118     6.150E+00    6.100E+00
   119     6.100E+00    6.050E+00
   120     6.050E+00    6.000E+00
   121     6.000E+00    5.950E+00
   122     5.950E+00    5.900E+00
   123     5.900E+00    5.850E+00
   124     5.850E+00    5.800E+00
   125     5.800E+00    5.750E+00
   126     5.750E+00    5.700E+00
   127     5.700E+00    5.650E+00
   128     5.650E+00    5.600E+00
   129     5.600E+00    5.550E+00
   130     5.550E+00    5.500E+00
   131     5.500E+00    5.450E+00
   132     5.450E+00    5.400E+00
   133     5.400E+00    5.350E+00
   134     5.350E+00    5.300E+00
   135     5.300E+00    5.250E+00
   136     5.250E+00    5.200E+00
   137     5.200E+00    5.150E+00
   138     5.150E+00    5.100E+00
   139     5.100E+00    5.050E+00
   140     5.050E+00    5.000E+00
   141     5.000E+00    4.950E+00
   142     4.950E+00    4.900E+00
   143     4.900E+00    4.850E+00
   144     4.850E+00    4.800E+00
   145     4.800E+00    4.750E+00
   146     4.750E+00    4.700E+00
   147     4.700E+00    4.650E+00
   148     4.650E+00    4.600E+00
   149     4.600E+00    4.550E+00
   150     4.550E+00    4.500E+00
   151     4.500E+00    4.450E+00
   152     4.450E+00    4.400E+00
   153     4.400E+00    4.350E+00
   154     4.350E+00    4.300E+00
   155     4.300E+00    4.250E+00
   156     4.250E+00    4.200E+00
   157     4.200E+00    4.150E+00
   158     4.150E+00    4.100E+00
   159     4.100E+00    4.050E+00
   160     4.050E+00    4.000E+00
   161     4.000E+00    3.950E+00
   162     3.950E+00    3.900E+00
   163     3.900E+00    3.850E+00
   164     3.850E+00    3.800E+00
   165     3.800E+00    3.750E+00
   166     3.750E+00    3.700E+00
   167     3.700E+00    3.650E+00
   168     3.650E+00    3.600E+00
   169     3.600E+00    3.550E+00
   170     3.550E+00    3.500E+00
   171     3.500E+00    3.450E+00
   172     3.450E+00    3.400E+00
   173     3.400E+00    3.350E+00
   174     3.350E+00    3.300E+00
   175     3.300E+00    3.250E+00
   176     3.250E+00    3.200E+00
   177     3.200E+00    3.150E+00
   178     3.150E+00    3.100E+00
   179     3.100E+00    3.050E+00
   180     3.050E+00    3.000E+00
   181     3.000E+00    2.950E+00
   182     2.950E+00    2.900E+00
   183     2.900E+00    2.850E+00
   184     2.850E+00    2.800E+00
   185     2.800E+00    2.750E+00
   186     2.750E+00    2.700E+00
   187     2.700E+00    2.650E+00
   188     2.650E+00    2.600E+00
   189     2.600E+00    2.550E+00
   190     2.550E+00    2.500E+00
   191     2.500E+00    2.450E+00
   192     2.450E+00    2.400E+00
   193     2.400E+00    2.350E+00
   194     2.350E+00    2.300E+00
   195     2.300E+00    2.250E+00
   196     2.250E+00    2.200E+00
   197     2.200E+00    2.150E+00
   198     2.150E+00    2.100E+00
   199     2.100E+00    2.050E+00
   200     2.050E+00    2.000E+00
   201     2.000E+00    1.950E+00
   202     1.950E+00    1.900E+00
   203     1.900E+00    1.850E+00
   204     1.850E+00    1.800E+00
   205     1.800E+00    1.750E+00
   206     1.750E+00    1.700E+00
   207     1.700E+00    1.650E+00
   208     1.650E+00    1.600E+00
   209     1.600E+00    1.550E+00
   210     1.550E+00    1.500E+00
   211     1.500E+00    1.450E+00
   212     1.450E+00    1.400E+00
   213     1.400E+00    1.350E+00
   214     1.350E+00    1.300E+00
   215     1.300E+00    1.250E+00
   216     1.250E+00    1.200E+00
   217     1.200E+00    1.150E+00
   218     1.150E+00    1.100E+00
   219     1.100E+00    1.050E+00
   220     1.050E+00    1.000E+00
   221     1.000E+00    9.500E-01
   222     9.500E-01    9.000E-01
   223     9.000E-01    8.500E-01
   224     8.500E-01    8.000E-01
   225     8.000E-01    7.500E-01
   226     7.500E-01    7.000E-01
   227     7.000E-01    6.500E-01
   228     6.500E-01    6.000E-01
   229     6.000E-01    5.500E-01
   230     5.500E-01    5.000E-01
   231     5.000E-01    4.500E-01
   232     4.500E-01    4.000E-01
   233     4.000E-01    3.500E-01
   234     3.500E-01    3.000E-01
   235     3.000E-01    2.500E-01
   236     2.500E-01    2.000E-01
   237     2.000E-01    1.500E-01
   238     1.500E-01    1.000E-01
   239     1.000E-01    5.000E-02
   239     5.000E-02    0.000E+00
 
Number of source nuclides to be evaluated:  7
 
Source Nuclides:
 
    ZAID     Atom Density (g/cc)
    ----     -------------------
   902320     3.830E+16
   902280     5.230E+06
   882240     2.720E+04
   862200     4.820E+00
   842160     1.250E-02
   832120     3.150E+02
   842120     2.550E-08
 
Number of target nuclides to be used: 21
 4000 Alpha energy groups used.
 
Target Nuclides:
 
    ZAID     Atom Fraction
    ----     -------------
    60130     1.981E-06
    80170     2.532E-04
    80180     1.352E-03
   110230     1.689E-02
   130270     5.350E-02
   140280     1.967E-01
   140290     9.965E-04
   140300     6.551E-04
   190390     5.464E-03
   190400     1.170E-04
   190410     3.941E-05
   200420     1.377E-04
   200430     2.873E-05
   200440     4.448E-04
   200460     8.513E-07
   200480     3.980E-05
   250550     4.086E-04
   260540     1.571E-03
   260560     2.465E-02
   260570     5.692E-04
   260580     7.518E-05
 
 


                      Summary of Output
                      =================
 
Total (alpha,n) neutron source from all sources and targets:  2.144E-07 n/sec-cm^3.

Total spontaneous fission neutron source from all sources and targets:  1.807E-12 n/sec-cm^3.

Total delayed neutron source from all sources and targets:  0.000E+00 n/sec-cm^3.

Total neutron source from all sources and targets:  2.144E-07 n/sec-cm^3.

Average (alpha,n) neutron energy:  2.015E+00 MeV.

Average spontaneous fission neutron energy:  0.00000E+00 MeV.

Average delayed neutron energy:  0.000E+00 MeV.

Average neutron energy from all sources:  2.015E+00 MeV.

Normalized Neutron Energy Spectrum by Energy Group for All Sources:
(Note: descending group structure is independent of erg record.)

          Group     Contribution
          -----     ------------
             1        1.569E-12
             2        1.906E-12
             3        1.997E-12
             4        2.094E-12
             5        2.198E-12
             6        2.559E-12
             7        2.425E-12
             8        2.801E-12
             9        2.934E-12
            10        3.075E-12
            11        3.596E-12
            12        4.470E-12
            13        5.600E-12
            14        6.484E-12
            15        7.374E-12
            16        8.531E-12
            17        9.542E-12
            18        1.059E-11
            19        1.164E-11
            20        1.296E-11
            21        1.403E-11
            22        1.537E-11
            23        1.646E-11
            24        1.782E-11
            25        1.895E-11
            26        2.008E-11
            27        2.174E-11
            28        2.267E-11
            29        2.603E-11
            30        2.694E-09
            31        7.710E-09
            32        1.268E-08
            33        1.760E-08
            34        2.248E-08
            35        2.731E-08
            36        3.210E-08
            37        3.683E-08
            38        4.152E-08
            39        4.617E-08
            40        5.076E-08
            41        5.531E-08
            42        5.981E-08
            43        6.427E-08
            44        6.870E-08
            45        7.307E-08
            46        7.740E-08
            47        8.168E-08
            48        8.591E-08
            49        9.010E-08
            50        9.424E-08
            51        9.836E-08
            52        1.024E-07
            53        1.065E-07
            54        1.105E-07
            55        1.144E-07
            56        1.183E-07
            57        1.221E-07
            58        1.259E-07
            59        1.297E-07
            60        1.334E-07
            61        1.370E-07
            62        1.815E-07
            63        3.117E-07
            64        4.439E-07
            65        5.751E-07
            66        7.055E-07
            67        8.354E-07
            68        9.667E-07
            69        1.098E-06
            70        1.246E-06
            71        1.574E-06
            72        1.947E-06
            73        2.315E-06
            74        2.678E-06
            75        3.035E-06
            76        3.386E-06
            77        3.735E-06
            78        4.080E-06
            79        4.419E-06
            80        4.753E-06
            81        5.081E-06
            82        5.404E-06
            83        5.722E-06
            84        6.034E-06
            85        6.341E-06
            86        6.641E-06
            87        6.936E-06
            88        7.298E-06
            89        1.001E-05
            90        1.385E-05
            91        1.768E-05
            92        2.149E-05
            93        2.530E-05
            94        2.909E-05
            95        3.287E-05
            96        3.795E-05
            97        4.645E-05
            98        5.523E-05
            99        6.377E-05
           100        7.224E-05
           101        8.076E-05
           102        8.929E-05
           103        9.812E-05
           104        1.070E-04
           105        1.159E-04
           106        1.248E-04
           107        1.337E-04
           108        1.426E-04
           109        1.516E-04
           110        1.606E-04
           111        1.697E-04
           112        1.787E-04
           113        1.878E-04
           114        2.001E-04
           115        2.144E-04
           116        2.286E-04
           117        2.428E-04
           118        2.568E-04
           119        2.707E-04
           120        2.845E-04
           121        2.984E-04
           122        3.121E-04
           123        3.258E-04
           124        3.392E-04
           125        3.525E-04
           126        3.766E-04
           127        4.359E-04
           128        4.984E-04
           129        5.598E-04
           130        6.202E-04
           131        6.804E-04
           132        7.400E-04
           133        7.994E-04
           134        8.605E-04
           135        9.389E-04
           136        1.024E-03
           137        1.110E-03
           138        1.191E-03
           139        1.270E-03
           140        1.352E-03
           141        1.450E-03
           142        1.576E-03
           143        1.699E-03
           144        1.834E-03
           145        1.973E-03
           146        2.113E-03
           147        2.253E-03
           148        2.395E-03
           149        2.537E-03
           150        2.681E-03
           151        2.826E-03
           152        2.973E-03
           153        3.123E-03
           154        3.275E-03
           155        3.430E-03
           156        3.586E-03
           157        3.768E-03
           158        3.991E-03
           159        4.210E-03
           160        4.393E-03
           161        4.554E-03
           162        4.724E-03
           163        4.896E-03
           164        5.062E-03
           165        5.237E-03
           166        5.434E-03
           167        5.625E-03
           168        5.840E-03
           169        6.127E-03
           170        6.399E-03
           171        6.664E-03
           172        6.898E-03
           173        7.098E-03
           174        7.316E-03
           175        7.558E-03
           176        7.794E-03
           177        8.019E-03
           178        8.230E-03
           179        8.439E-03
           180        8.693E-03
           181        9.022E-03
           182        9.367E-03
           183        9.734E-03
           184        1.009E-02
           185        1.045E-02
           186        1.074E-02
           187        1.104E-02
           188        1.134E-02
           189        1.165E-02
           190        1.194E-02
           191        1.223E-02
           192        1.256E-02
           193        1.290E-02
           194        1.321E-02
           195        1.344E-02
           196        1.366E-02
           197        1.385E-02
           198        1.405E-02
           199        1.425E-02
           200        1.445E-02
           201        1.466E-02
           202        1.486E-02
           203        1.503E-02
           204        1.521E-02
           205        1.535E-02
           206        1.548E-02
           207        1.562E-02
           208        1.577E-02
           209        1.589E-02
           210        1.600E-02
           211        1.609E-02
           212        1.616E-02
           213        1.621E-02
           214        1.622E-02
           215        1.622E-02
           216        1.618E-02
           217        1.611E-02
           218        1.603E-02
           219        1.595E-02
           220        1.588E-02
           221        1.583E-02
           222        1.579E-02
           223        1.567E-02
           224        1.543E-02
           225        1.514E-02
           226        1.483E-02
           227        1.450E-02
           228        1.414E-02
           229        1.371E-02
           230        1.317E-02
           231        1.262E-02
           232        1.202E-02
           233        1.118E-02
           234        1.018E-02
           235        9.116E-03
           236        8.044E-03
           237        6.963E-03
           238        5.743E-03
           239        4.416E-03
           240        2.655E-03

Portion of Total Neutron Source Rate Accounted for in the Total Energy Spectrum:  99.1%.

Portion of Spontaneous Fission Neutron Source Rate Accounted For in the Spontaneous Fission Energy Spectrum:   0.0%.

Warning: Energy Group Structure May Be Poorly Chosen.
