SOURCES 4C Calculation
<<<<<<<<<<<>>>>>>>>>>>


 Title: SNOLAB - NORITE Th232                                                        
 Neutron Source Spectra in Columnar Format.
 Examine other tape files for additional information.
 Recall the Energy values are bin bounds.


            Normalized Totals (neutrons/sec-basis)
            ==========================================
 E (MeV)    (a,n)      (sf)       (dn)       Total
 ---------  ---------  ---------  ---------  ---------
 0.000E+00  0.000E+00  0.000E+00  0.000E+00  0.000E+00
 5.000E-02  2.655E-03  5.531E-03  0.000E+00  2.655E-03
 1.000E-01  4.416E-03  9.934E-03  0.000E+00  4.416E-03
 1.500E-01  5.743E-03  1.260E-02  0.000E+00  5.743E-03
 2.000E-01  6.963E-03  1.460E-02  0.000E+00  6.963E-03
 2.500E-01  8.044E-03  1.618E-02  0.000E+00  8.044E-03
 3.000E-01  9.116E-03  1.745E-02  0.000E+00  9.116E-03
 3.500E-01  1.018E-02  1.848E-02  0.000E+00  1.018E-02
 4.000E-01  1.118E-02  1.932E-02  0.000E+00  1.118E-02
 4.500E-01  1.202E-02  1.999E-02  0.000E+00  1.202E-02
 5.000E-01  1.262E-02  2.053E-02  0.000E+00  1.262E-02
 5.500E-01  1.317E-02  2.093E-02  0.000E+00  1.317E-02
 6.000E-01  1.371E-02  2.123E-02  0.000E+00  1.371E-02
 6.500E-01  1.414E-02  2.144E-02  0.000E+00  1.414E-02
 7.000E-01  1.450E-02  2.156E-02  0.000E+00  1.450E-02
 7.500E-01  1.483E-02  2.160E-02  0.000E+00  1.483E-02
 8.000E-01  1.514E-02  2.157E-02  0.000E+00  1.514E-02
 8.500E-01  1.543E-02  2.148E-02  0.000E+00  1.543E-02
 9.000E-01  1.567E-02  2.134E-02  0.000E+00  1.567E-02
 9.500E-01  1.579E-02  2.115E-02  0.000E+00  1.579E-02
 1.000E+00  1.583E-02  2.092E-02  0.000E+00  1.583E-02
 1.050E+00  1.588E-02  2.066E-02  0.000E+00  1.588E-02
 1.100E+00  1.595E-02  2.035E-02  0.000E+00  1.595E-02
 1.150E+00  1.603E-02  2.002E-02  0.000E+00  1.603E-02
 1.200E+00  1.611E-02  1.967E-02  0.000E+00  1.611E-02
 1.250E+00  1.618E-02  1.929E-02  0.000E+00  1.618E-02
 1.300E+00  1.622E-02  1.890E-02  0.000E+00  1.622E-02
 1.350E+00  1.622E-02  1.849E-02  0.000E+00  1.622E-02
 1.400E+00  1.621E-02  1.807E-02  0.000E+00  1.621E-02
 1.450E+00  1.616E-02  1.763E-02  0.000E+00  1.616E-02
 1.500E+00  1.609E-02  1.719E-02  0.000E+00  1.609E-02
 1.550E+00  1.600E-02  1.675E-02  0.000E+00  1.600E-02
 1.600E+00  1.589E-02  1.630E-02  0.000E+00  1.589E-02
 1.650E+00  1.577E-02  1.584E-02  0.000E+00  1.577E-02
 1.700E+00  1.562E-02  1.539E-02  0.000E+00  1.562E-02
 1.750E+00  1.548E-02  1.494E-02  0.000E+00  1.548E-02
 1.800E+00  1.535E-02  1.449E-02  0.000E+00  1.535E-02
 1.850E+00  1.521E-02  1.404E-02  0.000E+00  1.521E-02
 1.900E+00  1.503E-02  1.359E-02  0.000E+00  1.503E-02
 1.950E+00  1.486E-02  1.316E-02  0.000E+00  1.486E-02
 2.000E+00  1.466E-02  1.272E-02  0.000E+00  1.466E-02
 2.050E+00  1.445E-02  1.230E-02  0.000E+00  1.445E-02
 2.100E+00  1.425E-02  1.188E-02  0.000E+00  1.425E-02
 2.150E+00  1.405E-02  1.146E-02  0.000E+00  1.405E-02
 2.200E+00  1.385E-02  1.106E-02  0.000E+00  1.385E-02
 2.250E+00  1.366E-02  1.066E-02  0.000E+00  1.366E-02
 2.300E+00  1.344E-02  1.028E-02  0.000E+00  1.344E-02
 2.350E+00  1.321E-02  9.897E-03  0.000E+00  1.321E-02
 2.400E+00  1.290E-02  9.528E-03  0.000E+00  1.290E-02
 2.450E+00  1.256E-02  9.168E-03  0.000E+00  1.256E-02
 2.500E+00  1.223E-02  8.817E-03  0.000E+00  1.223E-02
 2.550E+00  1.194E-02  8.476E-03  0.000E+00  1.194E-02
 2.600E+00  1.165E-02  8.145E-03  0.000E+00  1.165E-02
 2.650E+00  1.134E-02  7.823E-03  0.000E+00  1.134E-02
 2.700E+00  1.104E-02  7.511E-03  0.000E+00  1.104E-02
 2.750E+00  1.074E-02  7.208E-03  0.000E+00  1.074E-02
 2.800E+00  1.045E-02  6.915E-03  0.000E+00  1.045E-02
 2.850E+00  1.009E-02  6.631E-03  0.000E+00  1.009E-02
 2.900E+00  9.734E-03  6.356E-03  0.000E+00  9.734E-03
 2.950E+00  9.367E-03  6.091E-03  0.000E+00  9.367E-03
 3.000E+00  9.022E-03  5.834E-03  0.000E+00  9.022E-03
 3.050E+00  8.693E-03  5.587E-03  0.000E+00  8.693E-03
 3.100E+00  8.439E-03  5.348E-03  0.000E+00  8.439E-03
 3.150E+00  8.230E-03  5.118E-03  0.000E+00  8.230E-03
 3.200E+00  8.019E-03  4.896E-03  0.000E+00  8.019E-03
 3.250E+00  7.794E-03  4.682E-03  0.000E+00  7.794E-03
 3.300E+00  7.558E-03  4.476E-03  0.000E+00  7.558E-03
 3.350E+00  7.316E-03  4.278E-03  0.000E+00  7.316E-03
 3.400E+00  7.098E-03  4.088E-03  0.000E+00  7.098E-03
 3.450E+00  6.898E-03  3.904E-03  0.000E+00  6.898E-03
 3.500E+00  6.664E-03  3.728E-03  0.000E+00  6.664E-03
 3.550E+00  6.399E-03  3.559E-03  0.000E+00  6.399E-03
 3.600E+00  6.127E-03  3.397E-03  0.000E+00  6.127E-03
 3.650E+00  5.840E-03  3.241E-03  0.000E+00  5.840E-03
 3.700E+00  5.625E-03  3.092E-03  0.000E+00  5.625E-03
 3.750E+00  5.435E-03  2.949E-03  0.000E+00  5.434E-03
 3.800E+00  5.237E-03  2.811E-03  0.000E+00  5.237E-03
 3.850E+00  5.062E-03  2.680E-03  0.000E+00  5.062E-03
 3.900E+00  4.896E-03  2.554E-03  0.000E+00  4.896E-03
 3.950E+00  4.724E-03  2.433E-03  0.000E+00  4.724E-03
 4.000E+00  4.554E-03  2.318E-03  0.000E+00  4.554E-03
 4.050E+00  4.393E-03  2.207E-03  0.000E+00  4.393E-03
 4.100E+00  4.210E-03  2.102E-03  0.000E+00  4.210E-03
 4.150E+00  3.991E-03  2.001E-03  0.000E+00  3.991E-03
 4.200E+00  3.768E-03  1.904E-03  0.000E+00  3.768E-03
 4.250E+00  3.586E-03  1.812E-03  0.000E+00  3.586E-03
 4.300E+00  3.430E-03  1.724E-03  0.000E+00  3.430E-03
 4.350E+00  3.275E-03  1.639E-03  0.000E+00  3.275E-03
 4.400E+00  3.123E-03  1.559E-03  0.000E+00  3.123E-03
 4.450E+00  2.973E-03  1.482E-03  0.000E+00  2.973E-03
 4.500E+00  2.826E-03  1.409E-03  0.000E+00  2.826E-03
 4.550E+00  2.681E-03  1.339E-03  0.000E+00  2.681E-03
 4.600E+00  2.537E-03  1.272E-03  0.000E+00  2.537E-03
 4.650E+00  2.395E-03  1.209E-03  0.000E+00  2.395E-03
 4.700E+00  2.253E-03  1.148E-03  0.000E+00  2.253E-03
 4.750E+00  2.113E-03  1.091E-03  0.000E+00  2.113E-03
 4.800E+00  1.973E-03  1.036E-03  0.000E+00  1.973E-03
 4.850E+00  1.834E-03  9.832E-04  0.000E+00  1.834E-03
 4.900E+00  1.699E-03  9.333E-04  0.000E+00  1.699E-03
 4.950E+00  1.576E-03  8.857E-04  0.000E+00  1.576E-03
 5.000E+00  1.450E-03  8.405E-04  0.000E+00  1.450E-03
 5.050E+00  1.352E-03  7.975E-04  0.000E+00  1.352E-03
 5.100E+00  1.270E-03  7.565E-04  0.000E+00  1.270E-03
 5.150E+00  1.191E-03  7.175E-04  0.000E+00  1.191E-03
 5.200E+00  1.110E-03  6.804E-04  0.000E+00  1.110E-03
 5.250E+00  1.024E-03  6.452E-04  0.000E+00  1.024E-03
 5.300E+00  9.389E-04  6.117E-04  0.000E+00  9.389E-04
 5.350E+00  8.605E-04  5.798E-04  0.000E+00  8.605E-04
 5.400E+00  7.994E-04  5.495E-04  0.000E+00  7.994E-04
 5.450E+00  7.400E-04  5.208E-04  0.000E+00  7.400E-04
 5.500E+00  6.804E-04  4.934E-04  0.000E+00  6.804E-04
 5.550E+00  6.202E-04  4.675E-04  0.000E+00  6.202E-04
 5.600E+00  5.598E-04  4.428E-04  0.000E+00  5.598E-04
 5.650E+00  4.984E-04  4.194E-04  0.000E+00  4.984E-04
 5.700E+00  4.359E-04  3.972E-04  0.000E+00  4.359E-04
 5.750E+00  3.766E-04  3.761E-04  0.000E+00  3.766E-04
 5.800E+00  3.525E-04  3.561E-04  0.000E+00  3.525E-04
 5.850E+00  3.392E-04  3.370E-04  0.000E+00  3.392E-04
 5.900E+00  3.258E-04  3.190E-04  0.000E+00  3.258E-04
 5.950E+00  3.121E-04  3.019E-04  0.000E+00  3.121E-04
 6.000E+00  2.984E-04  2.857E-04  0.000E+00  2.984E-04
 6.050E+00  2.845E-04  2.703E-04  0.000E+00  2.845E-04
 6.100E+00  2.707E-04  2.557E-04  0.000E+00  2.707E-04
 6.150E+00  2.568E-04  2.419E-04  0.000E+00  2.568E-04
 6.200E+00  2.428E-04  2.288E-04  0.000E+00  2.428E-04
 6.250E+00  2.286E-04  2.164E-04  0.000E+00  2.286E-04
 6.300E+00  2.144E-04  2.046E-04  0.000E+00  2.144E-04
 6.350E+00  2.001E-04  1.935E-04  0.000E+00  2.001E-04
 6.400E+00  1.878E-04  1.829E-04  0.000E+00  1.878E-04
 6.450E+00  1.787E-04  1.729E-04  0.000E+00  1.787E-04
 6.500E+00  1.697E-04  1.634E-04  0.000E+00  1.697E-04
 6.550E+00  1.606E-04  1.545E-04  0.000E+00  1.606E-04
 6.600E+00  1.516E-04  1.460E-04  0.000E+00  1.516E-04
 6.650E+00  1.426E-04  1.379E-04  0.000E+00  1.426E-04
 6.700E+00  1.337E-04  1.303E-04  0.000E+00  1.337E-04
 6.750E+00  1.248E-04  1.231E-04  0.000E+00  1.248E-04
 6.800E+00  1.159E-04  1.163E-04  0.000E+00  1.159E-04
 6.850E+00  1.070E-04  1.098E-04  0.000E+00  1.070E-04
 6.900E+00  9.812E-05  1.037E-04  0.000E+00  9.812E-05
 6.950E+00  8.929E-05  9.794E-05  0.000E+00  8.929E-05
 7.000E+00  8.076E-05  9.248E-05  0.000E+00  8.076E-05
 7.050E+00  7.224E-05  8.730E-05  0.000E+00  7.224E-05
 7.100E+00  6.377E-05  8.242E-05  0.000E+00  6.377E-05
 7.150E+00  5.523E-05  7.780E-05  0.000E+00  5.523E-05
 7.200E+00  4.645E-05  7.345E-05  0.000E+00  4.645E-05
 7.250E+00  3.795E-05  6.930E-05  0.000E+00  3.795E-05
 7.300E+00  3.287E-05  6.540E-05  0.000E+00  3.287E-05
 7.350E+00  2.909E-05  6.174E-05  0.000E+00  2.909E-05
 7.400E+00  2.530E-05  5.823E-05  0.000E+00  2.530E-05
 7.450E+00  2.149E-05  5.491E-05  0.000E+00  2.149E-05
 7.500E+00  1.768E-05  5.183E-05  0.000E+00  1.768E-05
 7.550E+00  1.385E-05  4.889E-05  0.000E+00  1.385E-05
 7.600E+00  1.001E-05  4.612E-05  0.000E+00  1.001E-05
 7.650E+00  7.298E-06  4.348E-05  0.000E+00  7.298E-06
 7.700E+00  6.936E-06  4.099E-05  0.000E+00  6.936E-06
 7.750E+00  6.641E-06  3.869E-05  0.000E+00  6.641E-06
 7.800E+00  6.340E-06  3.647E-05  0.000E+00  6.341E-06
 7.850E+00  6.034E-06  3.439E-05  0.000E+00  6.034E-06
 7.900E+00  5.722E-06  3.238E-05  0.000E+00  5.722E-06
 7.950E+00  5.404E-06  3.054E-05  0.000E+00  5.404E-06
 8.000E+00  5.081E-06  2.881E-05  0.000E+00  5.081E-06
 8.050E+00  4.752E-06  2.713E-05  0.000E+00  4.753E-06
 8.100E+00  4.419E-06  2.558E-05  0.000E+00  4.419E-06
 8.150E+00  4.080E-06  2.412E-05  0.000E+00  4.080E-06
 8.200E+00  3.735E-06  2.271E-05  0.000E+00  3.735E-06
 8.250E+00  3.386E-06  2.138E-05  0.000E+00  3.386E-06
 8.300E+00  3.035E-06  2.017E-05  0.000E+00  3.035E-06
 8.350E+00  2.677E-06  1.900E-05  0.000E+00  2.678E-06
 8.400E+00  2.315E-06  1.788E-05  0.000E+00  2.315E-06
 8.450E+00  1.947E-06  1.686E-05  0.000E+00  1.947E-06
 8.500E+00  1.574E-06  1.588E-05  0.000E+00  1.574E-06
 8.550E+00  1.246E-06  1.494E-05  0.000E+00  1.246E-06
 8.600E+00  1.098E-06  1.409E-05  0.000E+00  1.098E-06
 8.650E+00  9.666E-07  1.325E-05  0.000E+00  9.667E-07
 8.700E+00  8.353E-07  1.250E-05  0.000E+00  8.354E-07
 8.750E+00  7.054E-07  1.175E-05  0.000E+00  7.055E-07
 8.800E+00  5.750E-07  1.108E-05  0.000E+00  5.751E-07
 8.850E+00  4.438E-07  1.039E-05  0.000E+00  4.439E-07
 8.900E+00  3.117E-07  9.810E-06  0.000E+00  3.117E-07
 8.950E+00  1.814E-07  9.225E-06  0.000E+00  1.815E-07
 9.000E+00  1.369E-07  8.693E-06  0.000E+00  1.370E-07
 9.050E+00  1.333E-07  8.183E-06  0.000E+00  1.334E-07
 9.100E+00  1.296E-07  7.693E-06  0.000E+00  1.297E-07
 9.150E+00  1.259E-07  7.252E-06  0.000E+00  1.259E-07
 9.200E+00  1.221E-07  6.800E-06  0.000E+00  1.221E-07
 9.250E+00  1.182E-07  6.424E-06  0.000E+00  1.183E-07
 9.300E+00  1.143E-07  6.035E-06  0.000E+00  1.144E-07
 9.350E+00  1.104E-07  5.662E-06  0.000E+00  1.105E-07
 9.400E+00  1.064E-07  5.333E-06  0.000E+00  1.065E-07
 9.450E+00  1.024E-07  5.017E-06  0.000E+00  1.024E-07
 9.500E+00  9.832E-08  4.745E-06  0.000E+00  9.836E-08
 9.550E+00  9.420E-08  4.424E-06  0.000E+00  9.424E-08
 9.600E+00  9.006E-08  4.176E-06  0.000E+00  9.010E-08
 9.650E+00  8.588E-08  3.937E-06  0.000E+00  8.591E-08
 9.700E+00  8.165E-08  3.710E-06  0.000E+00  8.168E-08
 9.750E+00  7.737E-08  3.462E-06  0.000E+00  7.740E-08
 9.800E+00  7.304E-08  3.283E-06  0.000E+00  7.307E-08
 9.850E+00  6.867E-08  3.053E-06  0.000E+00  6.870E-08
 9.900E+00  6.425E-08  2.890E-06  0.000E+00  6.427E-08
 9.950E+00  5.979E-08  2.706E-06  0.000E+00  5.981E-08
 1.000E+01  5.529E-08  2.559E-06  0.000E+00  5.531E-08
 1.005E+01  5.074E-08  2.418E-06  0.000E+00  5.076E-08
 1.010E+01  4.615E-08  2.254E-06  0.000E+00  4.617E-08
 1.015E+01  4.150E-08  2.096E-06  0.000E+00  4.152E-08
 1.020E+01  3.682E-08  2.004E-06  0.000E+00  3.683E-08
 1.025E+01  3.208E-08  1.887E-06  0.000E+00  3.210E-08
 1.030E+01  2.730E-08  1.745E-06  0.000E+00  2.731E-08
 1.035E+01  2.247E-08  1.668E-06  0.000E+00  2.248E-08
 1.040E+01  1.759E-08  1.536E-06  0.000E+00  1.760E-08
 1.045E+01  1.267E-08  1.467E-06  0.000E+00  1.268E-08
 1.050E+01  7.699E-09  1.373E-06  0.000E+00  7.710E-09
 1.055E+01  2.683E-09  1.283E-06  0.000E+00  2.694E-09
 1.060E+01  1.571E-11  1.226E-06  0.000E+00  2.603E-11
 1.065E+01  1.329E-11  1.112E-06  0.000E+00  2.267E-11
 1.070E+01  1.255E-11  1.092E-06  0.000E+00  2.174E-11
 1.075E+01  1.179E-11  9.843E-07  0.000E+00  2.008E-11
 1.080E+01  1.103E-11  9.396E-07  0.000E+00  1.895E-11
 1.085E+01  1.026E-11  8.975E-07  0.000E+00  1.782E-11
 1.090E+01  9.484E-12  8.281E-07  0.000E+00  1.646E-11
 1.095E+01  8.702E-12  7.908E-07  0.000E+00  1.537E-11
 1.100E+01  7.913E-12  7.260E-07  0.000E+00  1.403E-11
 1.105E+01  7.117E-12  6.930E-07  0.000E+00  1.296E-11
 1.110E+01  6.315E-12  6.322E-07  0.000E+00  1.164E-11
 1.115E+01  5.506E-12  6.031E-07  0.000E+00  1.059E-11
 1.120E+01  4.691E-12  5.757E-07  0.000E+00  9.542E-12
 1.125E+01  3.898E-12  5.499E-07  0.000E+00  8.531E-12
 1.130E+01  3.196E-12  4.958E-07  0.000E+00  7.374E-12
 1.135E+01  2.498E-12  4.730E-07  0.000E+00  6.484E-12
 1.140E+01  1.795E-12  4.516E-07  0.000E+00  5.600E-12
 1.145E+01  1.086E-12  4.016E-07  0.000E+00  4.470E-12
 1.150E+01  3.714E-13  3.827E-07  0.000E+00  3.596E-12
 1.155E+01  0.000E+00  3.649E-07  0.000E+00  3.075E-12
 1.160E+01  0.000E+00  3.481E-07  0.000E+00  2.934E-12
 1.165E+01  0.000E+00  3.324E-07  0.000E+00  2.801E-12
 1.170E+01  0.000E+00  2.878E-07  0.000E+00  2.425E-12
 1.175E+01  0.000E+00  3.037E-07  0.000E+00  2.559E-12
 1.180E+01  0.000E+00  2.608E-07  0.000E+00  2.198E-12
 1.185E+01  0.000E+00  2.485E-07  0.000E+00  2.094E-12
 1.190E+01  0.000E+00  2.370E-07  0.000E+00  1.997E-12
 1.195E+01  0.000E+00  2.262E-07  0.000E+00  1.906E-12
 1.200E+01  0.000E+00  1.862E-07  0.000E+00  1.569E-12
 Total      9.908E-01  1.000E+00  0.000E+00  9.908E-01

            Absolute Totals (neutrons/sec-basis)
            ==========================================
 E (MeV)    (a,n)      (sf)       (dn)       Total
 ---------  ---------  ---------  ---------  ---------
 0.000E+00  0.000E+00  0.000E+00  0.000E+00  0.000E+00
 5.000E-02  5.693E-10  9.993E-15  0.000E+00  5.693E-10
 1.000E-01  9.468E-10  1.795E-14  0.000E+00  9.468E-10
 1.500E-01  1.231E-09  2.277E-14  0.000E+00  1.231E-09
 2.000E-01  1.493E-09  2.638E-14  0.000E+00  1.493E-09
 2.500E-01  1.725E-09  2.923E-14  0.000E+00  1.725E-09
 3.000E-01  1.954E-09  3.152E-14  0.000E+00  1.954E-09
 3.500E-01  2.183E-09  3.339E-14  0.000E+00  2.183E-09
 4.000E-01  2.396E-09  3.490E-14  0.000E+00  2.396E-09
 4.500E-01  2.577E-09  3.612E-14  0.000E+00  2.577E-09
 5.000E-01  2.706E-09  3.708E-14  0.000E+00  2.706E-09
 5.500E-01  2.823E-09  3.782E-14  0.000E+00  2.823E-09
 6.000E-01  2.939E-09  3.836E-14  0.000E+00  2.939E-09
 6.500E-01  3.031E-09  3.873E-14  0.000E+00  3.031E-09
 7.000E-01  3.109E-09  3.894E-14  0.000E+00  3.109E-09
 7.500E-01  3.180E-09  3.902E-14  0.000E+00  3.180E-09
 8.000E-01  3.247E-09  3.897E-14  0.000E+00  3.247E-09
 8.500E-01  3.308E-09  3.882E-14  0.000E+00  3.308E-09
 9.000E-01  3.360E-09  3.856E-14  0.000E+00  3.360E-09
 9.500E-01  3.384E-09  3.822E-14  0.000E+00  3.385E-09
 1.000E+00  3.395E-09  3.780E-14  0.000E+00  3.395E-09
 1.050E+00  3.406E-09  3.732E-14  0.000E+00  3.406E-09
 1.100E+00  3.421E-09  3.677E-14  0.000E+00  3.421E-09
 1.150E+00  3.437E-09  3.618E-14  0.000E+00  3.437E-09
 1.200E+00  3.454E-09  3.554E-14  0.000E+00  3.454E-09
 1.250E+00  3.470E-09  3.486E-14  0.000E+00  3.470E-09
 1.300E+00  3.479E-09  3.414E-14  0.000E+00  3.479E-09
 1.350E+00  3.479E-09  3.340E-14  0.000E+00  3.479E-09
 1.400E+00  3.475E-09  3.264E-14  0.000E+00  3.475E-09
 1.450E+00  3.466E-09  3.186E-14  0.000E+00  3.466E-09
 1.500E+00  3.449E-09  3.106E-14  0.000E+00  3.449E-09
 1.550E+00  3.430E-09  3.026E-14  0.000E+00  3.430E-09
 1.600E+00  3.408E-09  2.944E-14  0.000E+00  3.408E-09
 1.650E+00  3.380E-09  2.863E-14  0.000E+00  3.380E-09
 1.700E+00  3.349E-09  2.781E-14  0.000E+00  3.349E-09
 1.750E+00  3.319E-09  2.699E-14  0.000E+00  3.319E-09
 1.800E+00  3.291E-09  2.617E-14  0.000E+00  3.291E-09
 1.850E+00  3.260E-09  2.536E-14  0.000E+00  3.260E-09
 1.900E+00  3.222E-09  2.456E-14  0.000E+00  3.222E-09
 1.950E+00  3.186E-09  2.377E-14  0.000E+00  3.186E-09
 2.000E+00  3.142E-09  2.299E-14  0.000E+00  3.142E-09
 2.050E+00  3.099E-09  2.222E-14  0.000E+00  3.099E-09
 2.100E+00  3.055E-09  2.146E-14  0.000E+00  3.055E-09
 2.150E+00  3.013E-09  2.071E-14  0.000E+00  3.013E-09
 2.200E+00  2.970E-09  1.998E-14  0.000E+00  2.970E-09
 2.250E+00  2.928E-09  1.926E-14  0.000E+00  2.928E-09
 2.300E+00  2.882E-09  1.856E-14  0.000E+00  2.882E-09
 2.350E+00  2.832E-09  1.788E-14  0.000E+00  2.832E-09
 2.400E+00  2.765E-09  1.721E-14  0.000E+00  2.765E-09
 2.450E+00  2.692E-09  1.656E-14  0.000E+00  2.692E-09
 2.500E+00  2.623E-09  1.593E-14  0.000E+00  2.623E-09
 2.550E+00  2.560E-09  1.531E-14  0.000E+00  2.560E-09
 2.600E+00  2.497E-09  1.471E-14  0.000E+00  2.497E-09
 2.650E+00  2.432E-09  1.413E-14  0.000E+00  2.432E-09
 2.700E+00  2.367E-09  1.357E-14  0.000E+00  2.367E-09
 2.750E+00  2.303E-09  1.302E-14  0.000E+00  2.303E-09
 2.800E+00  2.240E-09  1.249E-14  0.000E+00  2.240E-09
 2.850E+00  2.163E-09  1.198E-14  0.000E+00  2.163E-09
 2.900E+00  2.087E-09  1.148E-14  0.000E+00  2.087E-09
 2.950E+00  2.008E-09  1.100E-14  0.000E+00  2.008E-09
 3.000E+00  1.934E-09  1.054E-14  0.000E+00  1.934E-09
 3.050E+00  1.864E-09  1.009E-14  0.000E+00  1.864E-09
 3.100E+00  1.809E-09  9.662E-15  0.000E+00  1.809E-09
 3.150E+00  1.764E-09  9.246E-15  0.000E+00  1.764E-09
 3.200E+00  1.719E-09  8.845E-15  0.000E+00  1.719E-09
 3.250E+00  1.671E-09  8.459E-15  0.000E+00  1.671E-09
 3.300E+00  1.621E-09  8.087E-15  0.000E+00  1.621E-09
 3.350E+00  1.569E-09  7.729E-15  0.000E+00  1.569E-09
 3.400E+00  1.522E-09  7.385E-15  0.000E+00  1.522E-09
 3.450E+00  1.479E-09  7.054E-15  0.000E+00  1.479E-09
 3.500E+00  1.429E-09  6.736E-15  0.000E+00  1.429E-09
 3.550E+00  1.372E-09  6.431E-15  0.000E+00  1.372E-09
 3.600E+00  1.314E-09  6.137E-15  0.000E+00  1.314E-09
 3.650E+00  1.252E-09  5.856E-15  0.000E+00  1.252E-09
 3.700E+00  1.206E-09  5.586E-15  0.000E+00  1.206E-09
 3.750E+00  1.165E-09  5.328E-15  0.000E+00  1.165E-09
 3.800E+00  1.123E-09  5.080E-15  0.000E+00  1.123E-09
 3.850E+00  1.085E-09  4.842E-15  0.000E+00  1.085E-09
 3.900E+00  1.050E-09  4.614E-15  0.000E+00  1.050E-09
 3.950E+00  1.013E-09  4.396E-15  0.000E+00  1.013E-09
 4.000E+00  9.764E-10  4.188E-15  0.000E+00  9.764E-10
 4.050E+00  9.418E-10  3.988E-15  0.000E+00  9.418E-10
 4.100E+00  9.027E-10  3.797E-15  0.000E+00  9.027E-10
 4.150E+00  8.558E-10  3.615E-15  0.000E+00  8.558E-10
 4.200E+00  8.079E-10  3.440E-15  0.000E+00  8.079E-10
 4.250E+00  7.690E-10  3.273E-15  0.000E+00  7.690E-10
 4.300E+00  7.353E-10  3.114E-15  0.000E+00  7.353E-10
 4.350E+00  7.023E-10  2.962E-15  0.000E+00  7.023E-10
 4.400E+00  6.695E-10  2.817E-15  0.000E+00  6.695E-10
 4.450E+00  6.373E-10  2.678E-15  0.000E+00  6.373E-10
 4.500E+00  6.059E-10  2.546E-15  0.000E+00  6.059E-10
 4.550E+00  5.749E-10  2.419E-15  0.000E+00  5.749E-10
 4.600E+00  5.440E-10  2.299E-15  0.000E+00  5.440E-10
 4.650E+00  5.136E-10  2.184E-15  0.000E+00  5.136E-10
 4.700E+00  4.830E-10  2.075E-15  0.000E+00  4.830E-10
 4.750E+00  4.530E-10  1.970E-15  0.000E+00  4.530E-10
 4.800E+00  4.231E-10  1.871E-15  0.000E+00  4.231E-10
 4.850E+00  3.933E-10  1.776E-15  0.000E+00  3.933E-10
 4.900E+00  3.642E-10  1.686E-15  0.000E+00  3.642E-10
 4.950E+00  3.378E-10  1.600E-15  0.000E+00  3.378E-10
 5.000E+00  3.109E-10  1.519E-15  0.000E+00  3.109E-10
 5.050E+00  2.898E-10  1.441E-15  0.000E+00  2.898E-10
 5.100E+00  2.724E-10  1.367E-15  0.000E+00  2.724E-10
 5.150E+00  2.553E-10  1.296E-15  0.000E+00  2.553E-10
 5.200E+00  2.380E-10  1.229E-15  0.000E+00  2.380E-10
 5.250E+00  2.195E-10  1.166E-15  0.000E+00  2.195E-10
 5.300E+00  2.013E-10  1.105E-15  0.000E+00  2.013E-10
 5.350E+00  1.845E-10  1.048E-15  0.000E+00  1.845E-10
 5.400E+00  1.714E-10  9.929E-16  0.000E+00  1.714E-10
 5.450E+00  1.587E-10  9.409E-16  0.000E+00  1.587E-10
 5.500E+00  1.459E-10  8.915E-16  0.000E+00  1.459E-10
 5.550E+00  1.330E-10  8.446E-16  0.000E+00  1.330E-10
 5.600E+00  1.200E-10  8.000E-16  0.000E+00  1.200E-10
 5.650E+00  1.069E-10  7.578E-16  0.000E+00  1.069E-10
 5.700E+00  9.346E-11  7.176E-16  0.000E+00  9.347E-11
 5.750E+00  8.074E-11  6.795E-16  0.000E+00  8.075E-11
 5.800E+00  7.558E-11  6.433E-16  0.000E+00  7.559E-11
 5.850E+00  7.273E-11  6.089E-16  0.000E+00  7.273E-11
 5.900E+00  6.985E-11  5.764E-16  0.000E+00  6.985E-11
 5.950E+00  6.692E-11  5.455E-16  0.000E+00  6.692E-11
 6.000E+00  6.397E-11  5.162E-16  0.000E+00  6.397E-11
 6.050E+00  6.101E-11  4.884E-16  0.000E+00  6.101E-11
 6.100E+00  5.804E-11  4.620E-16  0.000E+00  5.804E-11
 6.150E+00  5.505E-11  4.370E-16  0.000E+00  5.505E-11
 6.200E+00  5.205E-11  4.134E-16  0.000E+00  5.205E-11
 6.250E+00  4.902E-11  3.909E-16  0.000E+00  4.902E-11
 6.300E+00  4.597E-11  3.697E-16  0.000E+00  4.597E-11
 6.350E+00  4.290E-11  3.495E-16  0.000E+00  4.290E-11
 6.400E+00  4.027E-11  3.304E-16  0.000E+00  4.027E-11
 6.450E+00  3.832E-11  3.124E-16  0.000E+00  3.832E-11
 6.500E+00  3.638E-11  2.952E-16  0.000E+00  3.638E-11
 6.550E+00  3.443E-11  2.791E-16  0.000E+00  3.443E-11
 6.600E+00  3.249E-11  2.637E-16  0.000E+00  3.250E-11
 6.650E+00  3.058E-11  2.491E-16  0.000E+00  3.058E-11
 6.700E+00  2.867E-11  2.354E-16  0.000E+00  2.867E-11
 6.750E+00  2.676E-11  2.224E-16  0.000E+00  2.676E-11
 6.800E+00  2.486E-11  2.101E-16  0.000E+00  2.486E-11
 6.850E+00  2.295E-11  1.984E-16  0.000E+00  2.295E-11
 6.900E+00  2.104E-11  1.874E-16  0.000E+00  2.104E-11
 6.950E+00  1.914E-11  1.770E-16  0.000E+00  1.914E-11
 7.000E+00  1.732E-11  1.671E-16  0.000E+00  1.732E-11
 7.050E+00  1.549E-11  1.577E-16  0.000E+00  1.549E-11
 7.100E+00  1.367E-11  1.489E-16  0.000E+00  1.367E-11
 7.150E+00  1.184E-11  1.406E-16  0.000E+00  1.184E-11
 7.200E+00  9.960E-12  1.327E-16  0.000E+00  9.960E-12
 7.250E+00  8.137E-12  1.252E-16  0.000E+00  8.138E-12
 7.300E+00  7.048E-12  1.182E-16  0.000E+00  7.048E-12
 7.350E+00  6.237E-12  1.115E-16  0.000E+00  6.238E-12
 7.400E+00  5.424E-12  1.052E-16  0.000E+00  5.424E-12
 7.450E+00  4.608E-12  9.922E-17  0.000E+00  4.608E-12
 7.500E+00  3.790E-12  9.365E-17  0.000E+00  3.790E-12
 7.550E+00  2.969E-12  8.834E-17  0.000E+00  2.969E-12
 7.600E+00  2.145E-12  8.333E-17  0.000E+00  2.146E-12
 7.650E+00  1.565E-12  7.856E-17  0.000E+00  1.565E-12
 7.700E+00  1.487E-12  7.406E-17  0.000E+00  1.487E-12
 7.750E+00  1.424E-12  6.989E-17  0.000E+00  1.424E-12
 7.800E+00  1.359E-12  6.588E-17  0.000E+00  1.359E-12
 7.850E+00  1.294E-12  6.213E-17  0.000E+00  1.294E-12
 7.900E+00  1.227E-12  5.851E-17  0.000E+00  1.227E-12
 7.950E+00  1.159E-12  5.519E-17  0.000E+00  1.159E-12
 8.000E+00  1.089E-12  5.204E-17  0.000E+00  1.089E-12
 8.050E+00  1.019E-12  4.902E-17  0.000E+00  1.019E-12
 8.100E+00  9.474E-13  4.622E-17  0.000E+00  9.474E-13
 8.150E+00  8.747E-13  4.357E-17  0.000E+00  8.747E-13
 8.200E+00  8.008E-13  4.103E-17  0.000E+00  8.009E-13
 8.250E+00  7.260E-13  3.864E-17  0.000E+00  7.261E-13
 8.300E+00  6.506E-13  3.644E-17  0.000E+00  6.506E-13
 8.350E+00  5.740E-13  3.433E-17  0.000E+00  5.741E-13
 8.400E+00  4.963E-13  3.230E-17  0.000E+00  4.963E-13
 8.450E+00  4.174E-13  3.046E-17  0.000E+00  4.174E-13
 8.500E+00  3.375E-13  2.869E-17  0.000E+00  3.375E-13
 8.550E+00  2.672E-13  2.699E-17  0.000E+00  2.673E-13
 8.600E+00  2.353E-13  2.546E-17  0.000E+00  2.354E-13
 8.650E+00  2.072E-13  2.393E-17  0.000E+00  2.073E-13
 8.700E+00  1.791E-13  2.258E-17  0.000E+00  1.791E-13
 8.750E+00  1.512E-13  2.122E-17  0.000E+00  1.513E-13
 8.800E+00  1.233E-13  2.003E-17  0.000E+00  1.233E-13
 8.850E+00  9.515E-14  1.877E-17  0.000E+00  9.517E-14
 8.900E+00  6.682E-14  1.772E-17  0.000E+00  6.684E-14
 8.950E+00  3.890E-14  1.667E-17  0.000E+00  3.892E-14
 9.000E+00  2.936E-14  1.571E-17  0.000E+00  2.937E-14
 9.050E+00  2.858E-14  1.478E-17  0.000E+00  2.859E-14
 9.100E+00  2.779E-14  1.390E-17  0.000E+00  2.780E-14
 9.150E+00  2.698E-14  1.310E-17  0.000E+00  2.700E-14
 9.200E+00  2.617E-14  1.229E-17  0.000E+00  2.618E-14
 9.250E+00  2.535E-14  1.161E-17  0.000E+00  2.536E-14
 9.300E+00  2.452E-14  1.090E-17  0.000E+00  2.453E-14
 9.350E+00  2.367E-14  1.023E-17  0.000E+00  2.368E-14
 9.400E+00  2.282E-14  9.635E-18  0.000E+00  2.283E-14
 9.450E+00  2.195E-14  9.065E-18  0.000E+00  2.196E-14
 9.500E+00  2.108E-14  8.572E-18  0.000E+00  2.109E-14
 9.550E+00  2.020E-14  7.994E-18  0.000E+00  2.021E-14
 9.600E+00  1.931E-14  7.544E-18  0.000E+00  1.932E-14
 9.650E+00  1.841E-14  7.114E-18  0.000E+00  1.842E-14
 9.700E+00  1.751E-14  6.702E-18  0.000E+00  1.751E-14
 9.750E+00  1.659E-14  6.255E-18  0.000E+00  1.659E-14
 9.800E+00  1.566E-14  5.931E-18  0.000E+00  1.567E-14
 9.850E+00  1.472E-14  5.515E-18  0.000E+00  1.473E-14
 9.900E+00  1.377E-14  5.222E-18  0.000E+00  1.378E-14
 9.950E+00  1.282E-14  4.889E-18  0.000E+00  1.282E-14
 1.000E+01  1.185E-14  4.623E-18  0.000E+00  1.186E-14
 1.005E+01  1.088E-14  4.369E-18  0.000E+00  1.088E-14
 1.010E+01  9.894E-15  4.072E-18  0.000E+00  9.898E-15
 1.015E+01  8.899E-15  3.787E-18  0.000E+00  8.903E-15
 1.020E+01  7.893E-15  3.620E-18  0.000E+00  7.897E-15
 1.025E+01  6.878E-15  3.409E-18  0.000E+00  6.882E-15
 1.030E+01  5.853E-15  3.153E-18  0.000E+00  5.856E-15
 1.035E+01  4.817E-15  3.014E-18  0.000E+00  4.820E-15
 1.040E+01  3.772E-15  2.774E-18  0.000E+00  3.775E-15
 1.045E+01  2.716E-15  2.651E-18  0.000E+00  2.719E-15
 1.050E+01  1.651E-15  2.481E-18  0.000E+00  1.653E-15
 1.055E+01  5.753E-16  2.317E-18  0.000E+00  5.776E-16
 1.060E+01  3.368E-18  2.214E-18  0.000E+00  5.582E-18
 1.065E+01  2.850E-18  2.009E-18  0.000E+00  4.860E-18
 1.070E+01  2.690E-18  1.972E-18  0.000E+00  4.662E-18
 1.075E+01  2.528E-18  1.778E-18  0.000E+00  4.306E-18
 1.080E+01  2.365E-18  1.698E-18  0.000E+00  4.062E-18
 1.085E+01  2.200E-18  1.621E-18  0.000E+00  3.821E-18
 1.090E+01  2.033E-18  1.496E-18  0.000E+00  3.530E-18
 1.095E+01  1.866E-18  1.429E-18  0.000E+00  3.295E-18
 1.100E+01  1.697E-18  1.312E-18  0.000E+00  3.008E-18
 1.105E+01  1.526E-18  1.252E-18  0.000E+00  2.778E-18
 1.110E+01  1.354E-18  1.142E-18  0.000E+00  2.496E-18
 1.115E+01  1.181E-18  1.090E-18  0.000E+00  2.270E-18
 1.120E+01  1.006E-18  1.040E-18  0.000E+00  2.046E-18
 1.125E+01  8.357E-19  9.934E-19  0.000E+00  1.829E-18
 1.130E+01  6.853E-19  8.958E-19  0.000E+00  1.581E-18
 1.135E+01  5.357E-19  8.546E-19  0.000E+00  1.390E-18
 1.140E+01  3.848E-19  8.159E-19  0.000E+00  1.201E-18
 1.145E+01  2.328E-19  7.256E-19  0.000E+00  9.584E-19
 1.150E+01  7.964E-20  6.914E-19  0.000E+00  7.710E-19
 1.155E+01  0.000E+00  6.592E-19  0.000E+00  6.592E-19
 1.160E+01  0.000E+00  6.290E-19  0.000E+00  6.290E-19
 1.165E+01  0.000E+00  6.005E-19  0.000E+00  6.005E-19
 1.170E+01  0.000E+00  5.200E-19  0.000E+00  5.200E-19
 1.175E+01  0.000E+00  5.487E-19  0.000E+00  5.487E-19
 1.180E+01  0.000E+00  4.712E-19  0.000E+00  4.712E-19
 1.185E+01  0.000E+00  4.491E-19  0.000E+00  4.491E-19
 1.190E+01  0.000E+00  4.282E-19  0.000E+00  4.282E-19
 1.195E+01  0.000E+00  4.086E-19  0.000E+00  4.086E-19
 1.200E+01  0.000E+00  3.364E-19  0.000E+00  3.364E-19
 Total      2.144E-07  1.807E-12  0.000E+00  2.144E-07
