SNOLAB - NORITE Th232
1 2 1
 9 0
 6   0.000186914
 8   0.659420656
 11  0.016892417
 13  0.05349999
 14  0.213375324
 19  0.005856095
 20  0.021283378
 25  0.000408598
 26  0.026849608

240 12.0 0.0
7
   902320       3.83E+16
   902280	5.23E+06
   882240	2.72E+04
   862200	4.82E+00
   842160	1.25E-02
   832120	3.15E+02
   842120       2.55E-08
21 4000
 00060130  1.98129E-06
 00080170  0.000253218
 00080180  0.001351812
 00110230  0.016892417
 00130270  0.05349999
 00140280  0.196732049
 00140290  0.000996463
 00140300  0.000655062
 00190390  0.005463736
 00190400  0.000117
 00190410  3.94115E-05
 00200420  0.000137703
 00200430  2.87326E-05
 00200440  0.000444823
 00200460  8.51335E-07
 00200480  3.97999E-05
 00250550  0.000408598
 00260540  0.001570702
 00260560  0.024647941
 00260570  0.000569212
 00260580  7.51789E-05

