SOURCES 4C Calculation
<<<<<<<<<<<>>>>>>>>>>>


 Title: SNOLAB - SHOTCRETE U238                                                      
 Neutron Source Spectra in Columnar Format.
 Examine other tape files for additional information.
 Recall the Energy values are bin bounds.


            Normalized Totals (neutrons/sec-basis)
            ==========================================
 E (MeV)    (a,n)      (sf)       (dn)       Total
 ---------  ---------  ---------  ---------  ---------
 0.000E+00  0.000E+00  0.000E+00  0.000E+00  0.000E+00
 5.000E-02  3.587E-03  5.276E-03  0.000E+00  4.026E-03
 1.000E-01  5.854E-03  9.455E-03  0.000E+00  6.789E-03
 1.500E-01  7.457E-03  1.197E-02  0.000E+00  8.629E-03
 2.000E-01  8.984E-03  1.384E-02  0.000E+00  1.025E-02
 2.500E-01  1.033E-02  1.532E-02  0.000E+00  1.163E-02
 3.000E-01  1.160E-02  1.650E-02  0.000E+00  1.288E-02
 3.500E-01  1.276E-02  1.747E-02  0.000E+00  1.398E-02
 4.000E-01  1.385E-02  1.825E-02  0.000E+00  1.499E-02
 4.500E-01  1.477E-02  1.888E-02  0.000E+00  1.584E-02
 5.000E-01  1.551E-02  1.939E-02  0.000E+00  1.652E-02
 5.500E-01  1.623E-02  1.978E-02  0.000E+00  1.715E-02
 6.000E-01  1.688E-02  2.007E-02  0.000E+00  1.771E-02
 6.500E-01  1.734E-02  2.027E-02  0.000E+00  1.810E-02
 7.000E-01  1.773E-02  2.040E-02  0.000E+00  1.842E-02
 7.500E-01  1.808E-02  2.046E-02  0.000E+00  1.870E-02
 8.000E-01  1.837E-02  2.046E-02  0.000E+00  1.891E-02
 8.500E-01  1.845E-02  2.040E-02  0.000E+00  1.895E-02
 9.000E-01  1.848E-02  2.030E-02  0.000E+00  1.895E-02
 9.500E-01  1.842E-02  2.015E-02  0.000E+00  1.887E-02
 1.000E+00  1.842E-02  1.996E-02  0.000E+00  1.882E-02
 1.050E+00  1.847E-02  1.974E-02  0.000E+00  1.880E-02
 1.100E+00  1.844E-02  1.949E-02  0.000E+00  1.871E-02
 1.150E+00  1.838E-02  1.921E-02  0.000E+00  1.860E-02
 1.200E+00  1.825E-02  1.891E-02  0.000E+00  1.842E-02
 1.250E+00  1.797E-02  1.859E-02  0.000E+00  1.813E-02
 1.300E+00  1.761E-02  1.825E-02  0.000E+00  1.778E-02
 1.350E+00  1.724E-02  1.789E-02  0.000E+00  1.741E-02
 1.400E+00  1.695E-02  1.753E-02  0.000E+00  1.710E-02
 1.450E+00  1.674E-02  1.715E-02  0.000E+00  1.684E-02
 1.500E+00  1.653E-02  1.676E-02  0.000E+00  1.659E-02
 1.550E+00  1.642E-02  1.637E-02  0.000E+00  1.641E-02
 1.600E+00  1.622E-02  1.597E-02  0.000E+00  1.616E-02
 1.650E+00  1.593E-02  1.557E-02  0.000E+00  1.583E-02
 1.700E+00  1.557E-02  1.517E-02  0.000E+00  1.546E-02
 1.750E+00  1.527E-02  1.477E-02  0.000E+00  1.514E-02
 1.800E+00  1.500E-02  1.436E-02  0.000E+00  1.484E-02
 1.850E+00  1.476E-02  1.396E-02  0.000E+00  1.455E-02
 1.900E+00  1.455E-02  1.356E-02  0.000E+00  1.429E-02
 1.950E+00  1.432E-02  1.316E-02  0.000E+00  1.402E-02
 2.000E+00  1.409E-02  1.277E-02  0.000E+00  1.375E-02
 2.050E+00  1.386E-02  1.238E-02  0.000E+00  1.348E-02
 2.100E+00  1.361E-02  1.200E-02  0.000E+00  1.319E-02
 2.150E+00  1.337E-02  1.162E-02  0.000E+00  1.291E-02
 2.200E+00  1.318E-02  1.125E-02  0.000E+00  1.268E-02
 2.250E+00  1.294E-02  1.088E-02  0.000E+00  1.241E-02
 2.300E+00  1.262E-02  1.052E-02  0.000E+00  1.208E-02
 2.350E+00  1.235E-02  1.017E-02  0.000E+00  1.178E-02
 2.400E+00  1.207E-02  9.824E-03  0.000E+00  1.149E-02
 2.450E+00  1.173E-02  9.486E-03  0.000E+00  1.115E-02
 2.500E+00  1.138E-02  9.156E-03  0.000E+00  1.080E-02
 2.550E+00  1.102E-02  8.834E-03  0.000E+00  1.045E-02
 2.600E+00  1.065E-02  8.519E-03  0.000E+00  1.010E-02
 2.650E+00  1.038E-02  8.213E-03  0.000E+00  9.813E-03
 2.700E+00  1.010E-02  7.915E-03  0.000E+00  9.535E-03
 2.750E+00  9.827E-03  7.624E-03  0.000E+00  9.255E-03
 2.800E+00  9.512E-03  7.341E-03  0.000E+00  8.948E-03
 2.850E+00  9.176E-03  7.067E-03  0.000E+00  8.628E-03
 2.900E+00  8.828E-03  6.800E-03  0.000E+00  8.301E-03
 2.950E+00  8.412E-03  6.541E-03  0.000E+00  7.926E-03
 3.000E+00  8.006E-03  6.290E-03  0.000E+00  7.560E-03
 3.050E+00  7.634E-03  6.047E-03  0.000E+00  7.222E-03
 3.100E+00  7.292E-03  5.811E-03  0.000E+00  6.908E-03
 3.150E+00  6.982E-03  5.583E-03  0.000E+00  6.618E-03
 3.200E+00  6.709E-03  5.363E-03  0.000E+00  6.359E-03
 3.250E+00  6.426E-03  5.149E-03  0.000E+00  6.094E-03
 3.300E+00  6.112E-03  4.942E-03  0.000E+00  5.808E-03
 3.350E+00  5.789E-03  4.743E-03  0.000E+00  5.517E-03
 3.400E+00  5.503E-03  4.550E-03  0.000E+00  5.256E-03
 3.450E+00  5.237E-03  4.364E-03  0.000E+00  5.010E-03
 3.500E+00  4.985E-03  4.185E-03  0.000E+00  4.777E-03
 3.550E+00  4.750E-03  4.012E-03  0.000E+00  4.559E-03
 3.600E+00  4.518E-03  3.845E-03  0.000E+00  4.343E-03
 3.650E+00  4.262E-03  3.684E-03  0.000E+00  4.112E-03
 3.700E+00  4.011E-03  3.529E-03  0.000E+00  3.886E-03
 3.750E+00  3.770E-03  3.380E-03  0.000E+00  3.669E-03
 3.800E+00  3.569E-03  3.236E-03  0.000E+00  3.483E-03
 3.850E+00  3.390E-03  3.098E-03  0.000E+00  3.314E-03
 3.900E+00  3.221E-03  2.965E-03  0.000E+00  3.154E-03
 3.950E+00  3.042E-03  2.837E-03  0.000E+00  2.989E-03
 4.000E+00  2.884E-03  2.714E-03  0.000E+00  2.840E-03
 4.050E+00  2.739E-03  2.596E-03  0.000E+00  2.702E-03
 4.100E+00  2.596E-03  2.483E-03  0.000E+00  2.567E-03
 4.150E+00  2.442E-03  2.374E-03  0.000E+00  2.424E-03
 4.200E+00  2.311E-03  2.269E-03  0.000E+00  2.300E-03
 4.250E+00  2.191E-03  2.168E-03  0.000E+00  2.186E-03
 4.300E+00  2.079E-03  2.072E-03  0.000E+00  2.077E-03
 4.350E+00  1.976E-03  1.980E-03  0.000E+00  1.977E-03
 4.400E+00  1.874E-03  1.891E-03  0.000E+00  1.879E-03
 4.450E+00  1.772E-03  1.806E-03  0.000E+00  1.781E-03
 4.500E+00  1.671E-03  1.724E-03  0.000E+00  1.685E-03
 4.550E+00  1.574E-03  1.646E-03  0.000E+00  1.592E-03
 4.600E+00  1.477E-03  1.571E-03  0.000E+00  1.502E-03
 4.650E+00  1.383E-03  1.500E-03  0.000E+00  1.413E-03
 4.700E+00  1.298E-03  1.431E-03  0.000E+00  1.332E-03
 4.750E+00  1.237E-03  1.365E-03  0.000E+00  1.271E-03
 4.800E+00  1.185E-03  1.302E-03  0.000E+00  1.215E-03
 4.850E+00  1.135E-03  1.242E-03  0.000E+00  1.163E-03
 4.900E+00  1.087E-03  1.185E-03  0.000E+00  1.112E-03
 4.950E+00  1.037E-03  1.129E-03  0.000E+00  1.061E-03
 5.000E+00  9.895E-04  1.077E-03  0.000E+00  1.012E-03
 5.050E+00  9.440E-04  1.026E-03  0.000E+00  9.654E-04
 5.100E+00  8.976E-04  9.781E-04  0.000E+00  9.185E-04
 5.150E+00  8.498E-04  9.321E-04  0.000E+00  8.712E-04
 5.200E+00  8.021E-04  8.880E-04  0.000E+00  8.245E-04
 5.250E+00  7.548E-04  8.460E-04  0.000E+00  7.785E-04
 5.300E+00  7.092E-04  8.058E-04  0.000E+00  7.343E-04
 5.350E+00  6.723E-04  7.675E-04  0.000E+00  6.970E-04
 5.400E+00  6.403E-04  7.308E-04  0.000E+00  6.638E-04
 5.450E+00  6.099E-04  6.958E-04  0.000E+00  6.322E-04
 5.500E+00  5.798E-04  6.625E-04  0.000E+00  6.013E-04
 5.550E+00  5.500E-04  6.306E-04  0.000E+00  5.709E-04
 5.600E+00  5.202E-04  6.002E-04  0.000E+00  5.410E-04
 5.650E+00  4.901E-04  5.712E-04  0.000E+00  5.111E-04
 5.700E+00  4.636E-04  5.435E-04  0.000E+00  4.844E-04
 5.750E+00  4.418E-04  5.171E-04  0.000E+00  4.613E-04
 5.800E+00  4.201E-04  4.919E-04  0.000E+00  4.388E-04
 5.850E+00  3.981E-04  4.679E-04  0.000E+00  4.162E-04
 5.900E+00  3.766E-04  4.450E-04  0.000E+00  3.943E-04
 5.950E+00  3.546E-04  4.232E-04  0.000E+00  3.725E-04
 6.000E+00  3.327E-04  4.024E-04  0.000E+00  3.508E-04
 6.050E+00  3.110E-04  3.826E-04  0.000E+00  3.296E-04
 6.100E+00  2.927E-04  3.637E-04  0.000E+00  3.111E-04
 6.150E+00  2.758E-04  3.457E-04  0.000E+00  2.940E-04
 6.200E+00  2.600E-04  3.286E-04  0.000E+00  2.778E-04
 6.250E+00  2.481E-04  3.123E-04  0.000E+00  2.648E-04
 6.300E+00  2.377E-04  2.967E-04  0.000E+00  2.531E-04
 6.350E+00  2.264E-04  2.820E-04  0.000E+00  2.408E-04
 6.400E+00  2.149E-04  2.679E-04  0.000E+00  2.287E-04
 6.450E+00  2.033E-04  2.545E-04  0.000E+00  2.166E-04
 6.500E+00  1.917E-04  2.417E-04  0.000E+00  2.047E-04
 6.550E+00  1.805E-04  2.296E-04  0.000E+00  1.933E-04
 6.600E+00  1.705E-04  2.180E-04  0.000E+00  1.829E-04
 6.650E+00  1.634E-04  2.070E-04  0.000E+00  1.747E-04
 6.700E+00  1.563E-04  1.966E-04  0.000E+00  1.667E-04
 6.750E+00  1.497E-04  1.866E-04  0.000E+00  1.593E-04
 6.800E+00  1.435E-04  1.772E-04  0.000E+00  1.522E-04
 6.850E+00  1.372E-04  1.682E-04  0.000E+00  1.453E-04
 6.900E+00  1.309E-04  1.596E-04  0.000E+00  1.383E-04
 6.950E+00  1.248E-04  1.515E-04  0.000E+00  1.317E-04
 7.000E+00  1.194E-04  1.438E-04  0.000E+00  1.258E-04
 7.050E+00  1.141E-04  1.364E-04  0.000E+00  1.199E-04
 7.100E+00  1.087E-04  1.294E-04  0.000E+00  1.141E-04
 7.150E+00  1.033E-04  1.228E-04  0.000E+00  1.083E-04
 7.200E+00  9.763E-05  1.165E-04  0.000E+00  1.025E-04
 7.250E+00  9.182E-05  1.105E-04  0.000E+00  9.667E-05
 7.300E+00  8.607E-05  1.048E-04  0.000E+00  9.094E-05
 7.350E+00  8.042E-05  9.942E-05  0.000E+00  8.536E-05
 7.400E+00  7.529E-05  9.426E-05  0.000E+00  8.022E-05
 7.450E+00  7.089E-05  8.938E-05  0.000E+00  7.569E-05
 7.500E+00  6.708E-05  8.476E-05  0.000E+00  7.167E-05
 7.550E+00  6.364E-05  8.037E-05  0.000E+00  6.798E-05
 7.600E+00  6.017E-05  7.616E-05  0.000E+00  6.432E-05
 7.650E+00  5.666E-05  7.223E-05  0.000E+00  6.071E-05
 7.700E+00  5.312E-05  6.844E-05  0.000E+00  5.710E-05
 7.750E+00  4.954E-05  6.486E-05  0.000E+00  5.352E-05
 7.800E+00  4.607E-05  6.149E-05  0.000E+00  5.008E-05
 7.850E+00  4.340E-05  5.829E-05  0.000E+00  4.727E-05
 7.900E+00  4.089E-05  5.520E-05  0.000E+00  4.461E-05
 7.950E+00  3.837E-05  5.233E-05  0.000E+00  4.199E-05
 8.000E+00  3.594E-05  4.956E-05  0.000E+00  3.948E-05
 8.050E+00  3.357E-05  4.694E-05  0.000E+00  3.704E-05
 8.100E+00  3.140E-05  4.450E-05  0.000E+00  3.480E-05
 8.150E+00  2.927E-05  4.212E-05  0.000E+00  3.261E-05
 8.200E+00  2.716E-05  3.990E-05  0.000E+00  3.047E-05
 8.250E+00  2.507E-05  3.783E-05  0.000E+00  2.838E-05
 8.300E+00  2.299E-05  3.579E-05  0.000E+00  2.632E-05
 8.350E+00  2.126E-05  3.389E-05  0.000E+00  2.454E-05
 8.400E+00  2.016E-05  3.210E-05  0.000E+00  2.327E-05
 8.450E+00  1.908E-05  3.039E-05  0.000E+00  2.202E-05
 8.500E+00  1.799E-05  2.879E-05  0.000E+00  2.080E-05
 8.550E+00  1.696E-05  2.725E-05  0.000E+00  1.964E-05
 8.600E+00  1.615E-05  2.579E-05  0.000E+00  1.865E-05
 8.650E+00  1.534E-05  2.441E-05  0.000E+00  1.770E-05
 8.700E+00  1.454E-05  2.312E-05  0.000E+00  1.677E-05
 8.750E+00  1.374E-05  2.187E-05  0.000E+00  1.585E-05
 8.800E+00  1.293E-05  2.069E-05  0.000E+00  1.495E-05
 8.850E+00  1.213E-05  1.958E-05  0.000E+00  1.407E-05
 8.900E+00  1.133E-05  1.855E-05  0.000E+00  1.321E-05
 8.950E+00  1.054E-05  1.755E-05  0.000E+00  1.236E-05
 9.000E+00  9.761E-06  1.659E-05  0.000E+00  1.153E-05
 9.050E+00  8.989E-06  1.569E-05  0.000E+00  1.073E-05
 9.100E+00  8.235E-06  1.486E-05  0.000E+00  9.955E-06
 9.150E+00  7.491E-06  1.405E-05  0.000E+00  9.196E-06
 9.200E+00  6.763E-06  1.331E-05  0.000E+00  8.463E-06
 9.250E+00  6.157E-06  1.256E-05  0.000E+00  7.820E-06
 9.300E+00  5.632E-06  1.190E-05  0.000E+00  7.260E-06
 9.350E+00  5.120E-06  1.126E-05  0.000E+00  6.716E-06
 9.400E+00  4.615E-06  1.065E-05  0.000E+00  6.183E-06
 9.450E+00  4.116E-06  1.006E-05  0.000E+00  5.660E-06
 9.500E+00  3.622E-06  9.493E-06  0.000E+00  5.147E-06
 9.550E+00  3.135E-06  9.005E-06  0.000E+00  4.660E-06
 9.600E+00  2.661E-06  8.506E-06  0.000E+00  4.180E-06
 9.650E+00  2.277E-06  8.056E-06  0.000E+00  3.778E-06
 9.700E+00  2.040E-06  7.593E-06  0.000E+00  3.483E-06
 9.750E+00  1.808E-06  7.176E-06  0.000E+00  3.203E-06
 9.800E+00  1.579E-06  6.805E-06  0.000E+00  2.937E-06
 9.850E+00  1.353E-06  6.419E-06  0.000E+00  2.669E-06
 9.900E+00  1.131E-06  6.077E-06  0.000E+00  2.416E-06
 9.950E+00  9.112E-07  5.748E-06  0.000E+00  2.168E-06
 1.000E+01  6.949E-07  5.432E-06  0.000E+00  1.925E-06
 1.005E+01  4.827E-07  5.128E-06  0.000E+00  1.689E-06
 1.010E+01  2.744E-07  4.835E-06  0.000E+00  1.459E-06
 1.015E+01  7.235E-08  4.583E-06  0.000E+00  1.244E-06
 1.020E+01  2.349E-12  4.311E-06  0.000E+00  1.120E-06
 1.025E+01  2.111E-12  4.109E-06  0.000E+00  1.067E-06
 1.030E+01  1.878E-12  3.856E-06  0.000E+00  1.002E-06
 1.035E+01  1.651E-12  3.642E-06  0.000E+00  9.461E-07
 1.040E+01  1.429E-12  3.436E-06  0.000E+00  8.926E-07
 1.045E+01  1.212E-12  3.268E-06  0.000E+00  8.489E-07
 1.050E+01  9.991E-13  3.077E-06  0.000E+00  7.993E-07
 1.055E+01  7.894E-13  2.893E-06  0.000E+00  7.516E-07
 1.060E+01  5.824E-13  2.746E-06  0.000E+00  7.134E-07
 1.065E+01  3.780E-13  2.605E-06  0.000E+00  6.767E-07
 1.070E+01  1.765E-13  2.440E-06  0.000E+00  6.340E-07
 1.075E+01  1.478E-14  2.311E-06  0.000E+00  6.004E-07
 1.080E+01  0.000E+00  2.187E-06  0.000E+00  5.682E-07
 1.085E+01  0.000E+00  2.068E-06  0.000E+00  5.373E-07
 1.090E+01  0.000E+00  1.955E-06  0.000E+00  5.077E-07
 1.095E+01  0.000E+00  1.815E-06  0.000E+00  4.716E-07
 1.100E+01  0.000E+00  1.740E-06  0.000E+00  4.520E-07
 1.105E+01  0.000E+00  1.639E-06  0.000E+00  4.258E-07
 1.110E+01  0.000E+00  1.572E-06  0.000E+00  4.082E-07
 1.115E+01  0.000E+00  1.448E-06  0.000E+00  3.762E-07
 1.120E+01  0.000E+00  1.388E-06  0.000E+00  3.606E-07
 1.125E+01  0.000E+00  1.301E-06  0.000E+00  3.380E-07
 1.130E+01  0.000E+00  1.218E-06  0.000E+00  3.163E-07
 1.135E+01  0.000E+00  1.167E-06  0.000E+00  3.031E-07
 1.140E+01  0.000E+00  1.089E-06  0.000E+00  2.828E-07
 1.145E+01  0.000E+00  1.043E-06  0.000E+00  2.710E-07
 1.150E+01  0.000E+00  9.704E-07  0.000E+00  2.521E-07
 1.155E+01  0.000E+00  9.297E-07  0.000E+00  2.415E-07
 1.160E+01  0.000E+00  8.615E-07  0.000E+00  2.238E-07
 1.165E+01  0.000E+00  8.251E-07  0.000E+00  2.144E-07
 1.170E+01  0.000E+00  7.610E-07  0.000E+00  1.977E-07
 1.175E+01  0.000E+00  7.286E-07  0.000E+00  1.893E-07
 1.180E+01  0.000E+00  6.979E-07  0.000E+00  1.813E-07
 1.185E+01  0.000E+00  6.391E-07  0.000E+00  1.660E-07
 1.190E+01  0.000E+00  6.117E-07  0.000E+00  1.589E-07
 1.195E+01  0.000E+00  5.859E-07  0.000E+00  1.522E-07
 1.200E+01  0.000E+00  5.614E-07  0.000E+00  1.458E-07
 Total      9.866E-01  1.000E+00  0.000E+00  9.900E-01

            Absolute Totals (neutrons/sec-basis)
            ==========================================
 E (MeV)    (a,n)      (sf)       (dn)       Total
 ---------  ---------  ---------  ---------  ---------
 0.000E+00  0.000E+00  0.000E+00  0.000E+00  0.000E+00
 5.000E-02  3.996E-10  2.063E-10  0.000E+00  6.059E-10
 1.000E-01  6.522E-10  3.696E-10  0.000E+00  1.022E-09
 1.500E-01  8.307E-10  4.680E-10  0.000E+00  1.299E-09
 2.000E-01  1.001E-09  5.412E-10  0.000E+00  1.542E-09
 2.500E-01  1.151E-09  5.988E-10  0.000E+00  1.750E-09
 3.000E-01  1.293E-09  6.452E-10  0.000E+00  1.938E-09
 3.500E-01  1.422E-09  6.829E-10  0.000E+00  2.105E-09
 4.000E-01  1.543E-09  7.135E-10  0.000E+00  2.257E-09
 4.500E-01  1.645E-09  7.383E-10  0.000E+00  2.384E-09
 5.000E-01  1.728E-09  7.579E-10  0.000E+00  2.486E-09
 5.500E-01  1.808E-09  7.732E-10  0.000E+00  2.581E-09
 6.000E-01  1.881E-09  7.846E-10  0.000E+00  2.665E-09
 6.500E-01  1.932E-09  7.926E-10  0.000E+00  2.725E-09
 7.000E-01  1.975E-09  7.976E-10  0.000E+00  2.773E-09
 7.500E-01  2.014E-09  7.999E-10  0.000E+00  2.814E-09
 8.000E-01  2.047E-09  7.999E-10  0.000E+00  2.847E-09
 8.500E-01  2.055E-09  7.976E-10  0.000E+00  2.853E-09
 9.000E-01  2.059E-09  7.935E-10  0.000E+00  2.852E-09
 9.500E-01  2.052E-09  7.877E-10  0.000E+00  2.840E-09
 1.000E+00  2.052E-09  7.804E-10  0.000E+00  2.832E-09
 1.050E+00  2.058E-09  7.717E-10  0.000E+00  2.830E-09
 1.100E+00  2.054E-09  7.619E-10  0.000E+00  2.816E-09
 1.150E+00  2.048E-09  7.510E-10  0.000E+00  2.799E-09
 1.200E+00  2.033E-09  7.392E-10  0.000E+00  2.772E-09
 1.250E+00  2.002E-09  7.267E-10  0.000E+00  2.729E-09
 1.300E+00  1.962E-09  7.134E-10  0.000E+00  2.675E-09
 1.350E+00  1.921E-09  6.995E-10  0.000E+00  2.620E-09
 1.400E+00  1.888E-09  6.852E-10  0.000E+00  2.573E-09
 1.450E+00  1.864E-09  6.705E-10  0.000E+00  2.535E-09
 1.500E+00  1.841E-09  6.554E-10  0.000E+00  2.496E-09
 1.550E+00  1.830E-09  6.401E-10  0.000E+00  2.470E-09
 1.600E+00  1.807E-09  6.245E-10  0.000E+00  2.432E-09
 1.650E+00  1.774E-09  6.089E-10  0.000E+00  2.383E-09
 1.700E+00  1.734E-09  5.931E-10  0.000E+00  2.327E-09
 1.750E+00  1.701E-09  5.774E-10  0.000E+00  2.279E-09
 1.800E+00  1.671E-09  5.616E-10  0.000E+00  2.233E-09
 1.850E+00  1.644E-09  5.459E-10  0.000E+00  2.190E-09
 1.900E+00  1.621E-09  5.302E-10  0.000E+00  2.151E-09
 1.950E+00  1.595E-09  5.147E-10  0.000E+00  2.110E-09
 2.000E+00  1.570E-09  4.993E-10  0.000E+00  2.069E-09
 2.050E+00  1.544E-09  4.841E-10  0.000E+00  2.029E-09
 2.100E+00  1.516E-09  4.691E-10  0.000E+00  1.985E-09
 2.150E+00  1.489E-09  4.543E-10  0.000E+00  1.944E-09
 2.200E+00  1.468E-09  4.397E-10  0.000E+00  1.908E-09
 2.250E+00  1.442E-09  4.254E-10  0.000E+00  1.867E-09
 2.300E+00  1.406E-09  4.114E-10  0.000E+00  1.818E-09
 2.350E+00  1.376E-09  3.976E-10  0.000E+00  1.773E-09
 2.400E+00  1.345E-09  3.841E-10  0.000E+00  1.729E-09
 2.450E+00  1.307E-09  3.709E-10  0.000E+00  1.678E-09
 2.500E+00  1.268E-09  3.580E-10  0.000E+00  1.626E-09
 2.550E+00  1.227E-09  3.454E-10  0.000E+00  1.573E-09
 2.600E+00  1.187E-09  3.331E-10  0.000E+00  1.520E-09
 2.650E+00  1.156E-09  3.211E-10  0.000E+00  1.477E-09
 2.700E+00  1.126E-09  3.094E-10  0.000E+00  1.435E-09
 2.750E+00  1.095E-09  2.981E-10  0.000E+00  1.393E-09
 2.800E+00  1.060E-09  2.870E-10  0.000E+00  1.347E-09
 2.850E+00  1.022E-09  2.763E-10  0.000E+00  1.299E-09
 2.900E+00  9.834E-10  2.659E-10  0.000E+00  1.249E-09
 2.950E+00  9.371E-10  2.558E-10  0.000E+00  1.193E-09
 3.000E+00  8.919E-10  2.459E-10  0.000E+00  1.138E-09
 3.050E+00  8.504E-10  2.364E-10  0.000E+00  1.087E-09
 3.100E+00  8.124E-10  2.272E-10  0.000E+00  1.040E-09
 3.150E+00  7.778E-10  2.183E-10  0.000E+00  9.961E-10
 3.200E+00  7.475E-10  2.097E-10  0.000E+00  9.571E-10
 3.250E+00  7.158E-10  2.013E-10  0.000E+00  9.171E-10
 3.300E+00  6.809E-10  1.932E-10  0.000E+00  8.741E-10
 3.350E+00  6.449E-10  1.854E-10  0.000E+00  8.304E-10
 3.400E+00  6.131E-10  1.779E-10  0.000E+00  7.910E-10
 3.450E+00  5.834E-10  1.706E-10  0.000E+00  7.541E-10
 3.500E+00  5.554E-10  1.636E-10  0.000E+00  7.190E-10
 3.550E+00  5.292E-10  1.568E-10  0.000E+00  6.861E-10
 3.600E+00  5.034E-10  1.503E-10  0.000E+00  6.537E-10
 3.650E+00  4.748E-10  1.440E-10  0.000E+00  6.188E-10
 3.700E+00  4.468E-10  1.380E-10  0.000E+00  5.848E-10
 3.750E+00  4.200E-10  1.321E-10  0.000E+00  5.522E-10
 3.800E+00  3.976E-10  1.265E-10  0.000E+00  5.242E-10
 3.850E+00  3.777E-10  1.211E-10  0.000E+00  4.988E-10
 3.900E+00  3.588E-10  1.159E-10  0.000E+00  4.747E-10
 3.950E+00  3.389E-10  1.109E-10  0.000E+00  4.498E-10
 4.000E+00  3.212E-10  1.061E-10  0.000E+00  4.274E-10
 4.050E+00  3.051E-10  1.015E-10  0.000E+00  4.066E-10
 4.100E+00  2.892E-10  9.706E-11  0.000E+00  3.863E-10
 4.150E+00  2.720E-10  9.280E-11  0.000E+00  3.648E-10
 4.200E+00  2.574E-10  8.871E-11  0.000E+00  3.461E-10
 4.250E+00  2.441E-10  8.478E-11  0.000E+00  3.289E-10
 4.300E+00  2.316E-10  8.101E-11  0.000E+00  3.127E-10
 4.350E+00  2.201E-10  7.740E-11  0.000E+00  2.975E-10
 4.400E+00  2.088E-10  7.393E-11  0.000E+00  2.827E-10
 4.450E+00  1.974E-10  7.060E-11  0.000E+00  2.680E-10
 4.500E+00  1.862E-10  6.742E-11  0.000E+00  2.536E-10
 4.550E+00  1.753E-10  6.436E-11  0.000E+00  2.397E-10
 4.600E+00  1.646E-10  6.144E-11  0.000E+00  2.260E-10
 4.650E+00  1.541E-10  5.863E-11  0.000E+00  2.127E-10
 4.700E+00  1.446E-10  5.595E-11  0.000E+00  2.005E-10
 4.750E+00  1.379E-10  5.338E-11  0.000E+00  1.912E-10
 4.800E+00  1.320E-10  5.092E-11  0.000E+00  1.829E-10
 4.850E+00  1.265E-10  4.856E-11  0.000E+00  1.750E-10
 4.900E+00  1.210E-10  4.631E-11  0.000E+00  1.674E-10
 4.950E+00  1.155E-10  4.416E-11  0.000E+00  1.597E-10
 5.000E+00  1.102E-10  4.210E-11  0.000E+00  1.523E-10
 5.050E+00  1.052E-10  4.012E-11  0.000E+00  1.453E-10
 5.100E+00  1.000E-10  3.824E-11  0.000E+00  1.382E-10
 5.150E+00  9.467E-11  3.644E-11  0.000E+00  1.311E-10
 5.200E+00  8.936E-11  3.472E-11  0.000E+00  1.241E-10
 5.250E+00  8.409E-11  3.308E-11  0.000E+00  1.172E-10
 5.300E+00  7.901E-11  3.150E-11  0.000E+00  1.105E-10
 5.350E+00  7.490E-11  3.001E-11  0.000E+00  1.049E-10
 5.400E+00  7.133E-11  2.857E-11  0.000E+00  9.990E-11
 5.450E+00  6.794E-11  2.720E-11  0.000E+00  9.515E-11
 5.500E+00  6.459E-11  2.590E-11  0.000E+00  9.049E-11
 5.550E+00  6.127E-11  2.465E-11  0.000E+00  8.593E-11
 5.600E+00  5.795E-11  2.346E-11  0.000E+00  8.142E-11
 5.650E+00  5.459E-11  2.233E-11  0.000E+00  7.693E-11
 5.700E+00  5.165E-11  2.125E-11  0.000E+00  7.290E-11
 5.750E+00  4.922E-11  2.022E-11  0.000E+00  6.943E-11
 5.800E+00  4.680E-11  1.923E-11  0.000E+00  6.604E-11
 5.850E+00  4.435E-11  1.829E-11  0.000E+00  6.265E-11
 5.900E+00  4.195E-11  1.740E-11  0.000E+00  5.935E-11
 5.950E+00  3.951E-11  1.655E-11  0.000E+00  5.605E-11
 6.000E+00  3.706E-11  1.573E-11  0.000E+00  5.279E-11
 6.050E+00  3.465E-11  1.496E-11  0.000E+00  4.961E-11
 6.100E+00  3.260E-11  1.422E-11  0.000E+00  4.682E-11
 6.150E+00  3.073E-11  1.352E-11  0.000E+00  4.424E-11
 6.200E+00  2.896E-11  1.285E-11  0.000E+00  4.181E-11
 6.250E+00  2.764E-11  1.221E-11  0.000E+00  3.985E-11
 6.300E+00  2.648E-11  1.160E-11  0.000E+00  3.808E-11
 6.350E+00  2.522E-11  1.102E-11  0.000E+00  3.624E-11
 6.400E+00  2.394E-11  1.047E-11  0.000E+00  3.441E-11
 6.450E+00  2.265E-11  9.948E-12  0.000E+00  3.260E-11
 6.500E+00  2.136E-11  9.451E-12  0.000E+00  3.081E-11
 6.550E+00  2.011E-11  8.976E-12  0.000E+00  2.909E-11
 6.600E+00  1.900E-11  8.525E-12  0.000E+00  2.752E-11
 6.650E+00  1.820E-11  8.094E-12  0.000E+00  2.630E-11
 6.700E+00  1.741E-11  7.686E-12  0.000E+00  2.510E-11
 6.750E+00  1.668E-11  7.297E-12  0.000E+00  2.398E-11
 6.800E+00  1.598E-11  6.927E-12  0.000E+00  2.291E-11
 6.850E+00  1.529E-11  6.575E-12  0.000E+00  2.186E-11
 6.900E+00  1.458E-11  6.241E-12  0.000E+00  2.082E-11
 6.950E+00  1.390E-11  5.924E-12  0.000E+00  1.983E-11
 7.000E+00  1.331E-11  5.621E-12  0.000E+00  1.893E-11
 7.050E+00  1.271E-11  5.334E-12  0.000E+00  1.805E-11
 7.100E+00  1.211E-11  5.060E-12  0.000E+00  1.717E-11
 7.150E+00  1.150E-11  4.801E-12  0.000E+00  1.631E-11
 7.200E+00  1.088E-11  4.554E-12  0.000E+00  1.543E-11
 7.250E+00  1.023E-11  4.320E-12  0.000E+00  1.455E-11
 7.300E+00  9.589E-12  4.098E-12  0.000E+00  1.369E-11
 7.350E+00  8.959E-12  3.887E-12  0.000E+00  1.285E-11
 7.400E+00  8.388E-12  3.685E-12  0.000E+00  1.207E-11
 7.450E+00  7.897E-12  3.495E-12  0.000E+00  1.139E-11
 7.500E+00  7.473E-12  3.314E-12  0.000E+00  1.079E-11
 7.550E+00  7.090E-12  3.142E-12  0.000E+00  1.023E-11
 7.600E+00  6.703E-12  2.978E-12  0.000E+00  9.681E-12
 7.650E+00  6.312E-12  2.824E-12  0.000E+00  9.136E-12
 7.700E+00  5.917E-12  2.676E-12  0.000E+00  8.593E-12
 7.750E+00  5.519E-12  2.536E-12  0.000E+00  8.055E-12
 7.800E+00  5.132E-12  2.404E-12  0.000E+00  7.536E-12
 7.850E+00  4.835E-12  2.279E-12  0.000E+00  7.114E-12
 7.900E+00  4.556E-12  2.158E-12  0.000E+00  6.714E-12
 7.950E+00  4.274E-12  2.046E-12  0.000E+00  6.320E-12
 8.000E+00  4.004E-12  1.938E-12  0.000E+00  5.941E-12
 8.050E+00  3.740E-12  1.835E-12  0.000E+00  5.575E-12
 8.100E+00  3.498E-12  1.740E-12  0.000E+00  5.237E-12
 8.150E+00  3.261E-12  1.647E-12  0.000E+00  4.907E-12
 8.200E+00  3.026E-12  1.560E-12  0.000E+00  4.586E-12
 8.250E+00  2.793E-12  1.479E-12  0.000E+00  4.272E-12
 8.300E+00  2.561E-12  1.399E-12  0.000E+00  3.960E-12
 8.350E+00  2.368E-12  1.325E-12  0.000E+00  3.693E-12
 8.400E+00  2.246E-12  1.255E-12  0.000E+00  3.501E-12
 8.450E+00  2.126E-12  1.188E-12  0.000E+00  3.314E-12
 8.500E+00  2.004E-12  1.126E-12  0.000E+00  3.130E-12
 8.550E+00  1.890E-12  1.065E-12  0.000E+00  2.955E-12
 8.600E+00  1.799E-12  1.008E-12  0.000E+00  2.807E-12
 8.650E+00  1.709E-12  9.545E-13  0.000E+00  2.664E-12
 8.700E+00  1.620E-12  9.038E-13  0.000E+00  2.524E-12
 8.750E+00  1.530E-12  8.550E-13  0.000E+00  2.385E-12
 8.800E+00  1.441E-12  8.089E-13  0.000E+00  2.249E-12
 8.850E+00  1.351E-12  7.657E-13  0.000E+00  2.117E-12
 8.900E+00  1.263E-12  7.252E-13  0.000E+00  1.988E-12
 8.950E+00  1.175E-12  6.862E-13  0.000E+00  1.861E-12
 9.000E+00  1.087E-12  6.486E-13  0.000E+00  1.736E-12
 9.050E+00  1.001E-12  6.135E-13  0.000E+00  1.615E-12
 9.100E+00  9.174E-13  5.809E-13  0.000E+00  1.498E-12
 9.150E+00  8.345E-13  5.494E-13  0.000E+00  1.384E-12
 9.200E+00  7.535E-13  5.203E-13  0.000E+00  1.274E-12
 9.250E+00  6.859E-13  4.911E-13  0.000E+00  1.177E-12
 9.300E+00  6.274E-13  4.652E-13  0.000E+00  1.093E-12
 9.350E+00  5.704E-13  4.404E-13  0.000E+00  1.011E-12
 9.400E+00  5.141E-13  4.164E-13  0.000E+00  9.305E-13
 9.450E+00  4.585E-13  3.934E-13  0.000E+00  8.519E-13
 9.500E+00  4.035E-13  3.711E-13  0.000E+00  7.747E-13
 9.550E+00  3.492E-13  3.521E-13  0.000E+00  7.013E-13
 9.600E+00  2.965E-13  3.326E-13  0.000E+00  6.291E-13
 9.650E+00  2.537E-13  3.149E-13  0.000E+00  5.687E-13
 9.700E+00  2.273E-13  2.968E-13  0.000E+00  5.241E-13
 9.750E+00  2.014E-13  2.806E-13  0.000E+00  4.820E-13
 9.800E+00  1.759E-13  2.661E-13  0.000E+00  4.420E-13
 9.850E+00  1.508E-13  2.510E-13  0.000E+00  4.017E-13
 9.900E+00  1.260E-13  2.376E-13  0.000E+00  3.635E-13
 9.950E+00  1.015E-13  2.247E-13  0.000E+00  3.262E-13
 1.000E+01  7.742E-14  2.124E-13  0.000E+00  2.898E-13
 1.005E+01  5.377E-14  2.005E-13  0.000E+00  2.542E-13
 1.010E+01  3.057E-14  1.890E-13  0.000E+00  2.196E-13
 1.015E+01  8.061E-15  1.792E-13  0.000E+00  1.872E-13
 1.020E+01  2.617E-19  1.686E-13  0.000E+00  1.686E-13
 1.025E+01  2.351E-19  1.606E-13  0.000E+00  1.606E-13
 1.030E+01  2.092E-19  1.508E-13  0.000E+00  1.508E-13
 1.035E+01  1.839E-19  1.424E-13  0.000E+00  1.424E-13
 1.040E+01  1.592E-19  1.343E-13  0.000E+00  1.343E-13
 1.045E+01  1.350E-19  1.278E-13  0.000E+00  1.278E-13
 1.050E+01  1.113E-19  1.203E-13  0.000E+00  1.203E-13
 1.055E+01  8.794E-20  1.131E-13  0.000E+00  1.131E-13
 1.060E+01  6.488E-20  1.074E-13  0.000E+00  1.074E-13
 1.065E+01  4.211E-20  1.019E-13  0.000E+00  1.019E-13
 1.070E+01  1.966E-20  9.542E-14  0.000E+00  9.542E-14
 1.075E+01  1.646E-21  9.036E-14  0.000E+00  9.036E-14
 1.080E+01  0.000E+00  8.552E-14  0.000E+00  8.552E-14
 1.085E+01  0.000E+00  8.087E-14  0.000E+00  8.087E-14
 1.090E+01  0.000E+00  7.642E-14  0.000E+00  7.642E-14
 1.095E+01  0.000E+00  7.097E-14  0.000E+00  7.097E-14
 1.100E+01  0.000E+00  6.803E-14  0.000E+00  6.803E-14
 1.105E+01  0.000E+00  6.408E-14  0.000E+00  6.408E-14
 1.110E+01  0.000E+00  6.144E-14  0.000E+00  6.144E-14
 1.115E+01  0.000E+00  5.662E-14  0.000E+00  5.662E-14
 1.120E+01  0.000E+00  5.427E-14  0.000E+00  5.427E-14
 1.125E+01  0.000E+00  5.087E-14  0.000E+00  5.087E-14
 1.130E+01  0.000E+00  4.760E-14  0.000E+00  4.760E-14
 1.135E+01  0.000E+00  4.561E-14  0.000E+00  4.561E-14
 1.140E+01  0.000E+00  4.257E-14  0.000E+00  4.257E-14
 1.145E+01  0.000E+00  4.079E-14  0.000E+00  4.079E-14
 1.150E+01  0.000E+00  3.794E-14  0.000E+00  3.794E-14
 1.155E+01  0.000E+00  3.635E-14  0.000E+00  3.635E-14
 1.160E+01  0.000E+00  3.368E-14  0.000E+00  3.368E-14
 1.165E+01  0.000E+00  3.226E-14  0.000E+00  3.226E-14
 1.170E+01  0.000E+00  2.975E-14  0.000E+00  2.975E-14
 1.175E+01  0.000E+00  2.848E-14  0.000E+00  2.848E-14
 1.180E+01  0.000E+00  2.729E-14  0.000E+00  2.729E-14
 1.185E+01  0.000E+00  2.499E-14  0.000E+00  2.499E-14
 1.190E+01  0.000E+00  2.392E-14  0.000E+00  2.392E-14
 1.195E+01  0.000E+00  2.291E-14  0.000E+00  2.291E-14
 1.200E+01  0.000E+00  2.195E-14  0.000E+00  2.195E-14
 Total      1.114E-07  3.910E-08  0.000E+00  1.505E-07
