SNOLAB - SHOTCRETE U238
1 2 1
12 0
 1   0.00842
 6   0.000702
 8   0.631542
 11  0.020594
 12  0.010350
 13  0.047093
 14  0.209762
 19  0.009500
 20  0.050208
 22  0.000864
 25  0.001416
 26  0.009548

240 12.0 0.0
13
   922380       7.26E+15
   922340	3.99E+11
   902300	1.23E+11
   882260	2.60E+09
   862220	1.70E+04
   842180	9.58E+00
   852180	6.60E-02
   862180       1.74E-03
   832140	6.15E+01
   842140	8.43E-06
   822100	3.61E+07
   832100	2.23E+04
   842100	6.16E+05

 29 4000
 00060130  7.43817E-06
 00080170  0.000242512
 00080180  0.001294662
 00110230  0.020593773
 00120240  0.008176719
 00120250  0.001035028
 00120260  0.001138531
 00130270  0.047092789
 00140280  0.193400827
 00140290  0.00097959
 00140300  0.00064397
 00190390  0.008863616
 00190400  1.11151E-06
 00190410  6.39358E-05
 00200420  0.000324843
 00200430  6.77803E-05
 00200440  0.001049339
 00200460  2.0083E-06
 00200480  9.38882E-05
 00220460  7.12788E-05
 00220470  6.42805E-05
 00220480  0.000632437
 00220490  4.67416E-05
 00220500  4.47544E-05
 00250550  0.001416186
 00260540  0.000558577
 00260560  0.008765357
 00260570  0.000202424
 00260580  2.67353E-05

