SOURCES 4C Calculation
<<<<<<<<<<<>>>>>>>>>>>


 Title: SNOLAB - NORITE Th232                                                        
 Neutron Source Spectra in Columnar Format.
 Examine other tape files for additional information.
 Recall the Energy values are bin bounds.


            Normalized Totals (neutrons/sec-basis)
            ==========================================
 E (MeV)    (a,n)      (sf)       (dn)       Total
 ---------  ---------  ---------  ---------  ---------
 0.000E+00  0.000E+00  0.000E+00  0.000E+00  0.000E+00
 5.000E-02  2.922E-03  5.531E-03  0.000E+00  2.922E-03
 1.000E-01  4.587E-03  9.934E-03  0.000E+00  4.587E-03
 1.500E-01  5.684E-03  1.260E-02  0.000E+00  5.684E-03
 2.000E-01  6.642E-03  1.460E-02  0.000E+00  6.642E-03
 2.500E-01  7.514E-03  1.618E-02  0.000E+00  7.514E-03
 3.000E-01  8.388E-03  1.745E-02  0.000E+00  8.388E-03
 3.500E-01  9.242E-03  1.848E-02  0.000E+00  9.242E-03
 4.000E-01  1.004E-02  1.932E-02  0.000E+00  1.004E-02
 4.500E-01  1.072E-02  1.999E-02  0.000E+00  1.072E-02
 5.000E-01  1.121E-02  2.053E-02  0.000E+00  1.121E-02
 5.500E-01  1.165E-02  2.093E-02  0.000E+00  1.165E-02
 6.000E-01  1.209E-02  2.123E-02  0.000E+00  1.209E-02
 6.500E-01  1.245E-02  2.144E-02  0.000E+00  1.245E-02
 7.000E-01  1.280E-02  2.156E-02  0.000E+00  1.280E-02
 7.500E-01  1.310E-02  2.160E-02  0.000E+00  1.310E-02
 8.000E-01  1.337E-02  2.157E-02  0.000E+00  1.337E-02
 8.500E-01  1.360E-02  2.148E-02  0.000E+00  1.360E-02
 9.000E-01  1.379E-02  2.134E-02  0.000E+00  1.379E-02
 9.500E-01  1.389E-02  2.115E-02  0.000E+00  1.389E-02
 1.000E+00  1.396E-02  2.092E-02  0.000E+00  1.396E-02
 1.050E+00  1.402E-02  2.066E-02  0.000E+00  1.402E-02
 1.100E+00  1.409E-02  2.035E-02  0.000E+00  1.409E-02
 1.150E+00  1.416E-02  2.002E-02  0.000E+00  1.416E-02
 1.200E+00  1.421E-02  1.967E-02  0.000E+00  1.421E-02
 1.250E+00  1.426E-02  1.929E-02  0.000E+00  1.426E-02
 1.300E+00  1.428E-02  1.890E-02  0.000E+00  1.428E-02
 1.350E+00  1.427E-02  1.849E-02  0.000E+00  1.427E-02
 1.400E+00  1.425E-02  1.807E-02  0.000E+00  1.425E-02
 1.450E+00  1.421E-02  1.763E-02  0.000E+00  1.421E-02
 1.500E+00  1.416E-02  1.719E-02  0.000E+00  1.416E-02
 1.550E+00  1.409E-02  1.675E-02  0.000E+00  1.409E-02
 1.600E+00  1.403E-02  1.630E-02  0.000E+00  1.403E-02
 1.650E+00  1.396E-02  1.584E-02  0.000E+00  1.396E-02
 1.700E+00  1.389E-02  1.539E-02  0.000E+00  1.389E-02
 1.750E+00  1.382E-02  1.494E-02  0.000E+00  1.382E-02
 1.800E+00  1.374E-02  1.449E-02  0.000E+00  1.374E-02
 1.850E+00  1.365E-02  1.404E-02  0.000E+00  1.365E-02
 1.900E+00  1.353E-02  1.359E-02  0.000E+00  1.353E-02
 1.950E+00  1.343E-02  1.316E-02  0.000E+00  1.343E-02
 2.000E+00  1.329E-02  1.272E-02  0.000E+00  1.329E-02
 2.050E+00  1.316E-02  1.230E-02  0.000E+00  1.316E-02
 2.100E+00  1.304E-02  1.188E-02  0.000E+00  1.304E-02
 2.150E+00  1.291E-02  1.146E-02  0.000E+00  1.291E-02
 2.200E+00  1.278E-02  1.106E-02  0.000E+00  1.278E-02
 2.250E+00  1.265E-02  1.066E-02  0.000E+00  1.265E-02
 2.300E+00  1.250E-02  1.028E-02  0.000E+00  1.250E-02
 2.350E+00  1.235E-02  9.897E-03  0.000E+00  1.235E-02
 2.400E+00  1.214E-02  9.528E-03  0.000E+00  1.214E-02
 2.450E+00  1.191E-02  9.168E-03  0.000E+00  1.191E-02
 2.500E+00  1.168E-02  8.817E-03  0.000E+00  1.168E-02
 2.550E+00  1.147E-02  8.476E-03  0.000E+00  1.147E-02
 2.600E+00  1.125E-02  8.145E-03  0.000E+00  1.125E-02
 2.650E+00  1.101E-02  7.823E-03  0.000E+00  1.101E-02
 2.700E+00  1.078E-02  7.511E-03  0.000E+00  1.078E-02
 2.750E+00  1.055E-02  7.208E-03  0.000E+00  1.055E-02
 2.800E+00  1.031E-02  6.915E-03  0.000E+00  1.031E-02
 2.850E+00  1.002E-02  6.631E-03  0.000E+00  1.002E-02
 2.900E+00  9.717E-03  6.356E-03  0.000E+00  9.717E-03
 2.950E+00  9.413E-03  6.091E-03  0.000E+00  9.413E-03
 3.000E+00  9.130E-03  5.834E-03  0.000E+00  9.130E-03
 3.050E+00  8.858E-03  5.587E-03  0.000E+00  8.858E-03
 3.100E+00  8.635E-03  5.348E-03  0.000E+00  8.635E-03
 3.150E+00  8.432E-03  5.118E-03  0.000E+00  8.432E-03
 3.200E+00  8.221E-03  4.896E-03  0.000E+00  8.221E-03
 3.250E+00  8.003E-03  4.682E-03  0.000E+00  8.003E-03
 3.300E+00  7.787E-03  4.476E-03  0.000E+00  7.787E-03
 3.350E+00  7.564E-03  4.278E-03  0.000E+00  7.564E-03
 3.400E+00  7.361E-03  4.088E-03  0.000E+00  7.361E-03
 3.450E+00  7.182E-03  3.904E-03  0.000E+00  7.182E-03
 3.500E+00  6.981E-03  3.728E-03  0.000E+00  6.981E-03
 3.550E+00  6.760E-03  3.559E-03  0.000E+00  6.760E-03
 3.600E+00  6.539E-03  3.397E-03  0.000E+00  6.539E-03
 3.650E+00  6.309E-03  3.241E-03  0.000E+00  6.309E-03
 3.700E+00  6.123E-03  3.092E-03  0.000E+00  6.123E-03
 3.750E+00  5.952E-03  2.949E-03  0.000E+00  5.952E-03
 3.800E+00  5.777E-03  2.811E-03  0.000E+00  5.777E-03
 3.850E+00  5.615E-03  2.680E-03  0.000E+00  5.615E-03
 3.900E+00  5.460E-03  2.554E-03  0.000E+00  5.460E-03
 3.950E+00  5.300E-03  2.433E-03  0.000E+00  5.300E-03
 4.000E+00  5.144E-03  2.318E-03  0.000E+00  5.143E-03
 4.050E+00  5.003E-03  2.207E-03  0.000E+00  5.003E-03
 4.100E+00  4.859E-03  2.102E-03  0.000E+00  4.859E-03
 4.150E+00  4.692E-03  2.001E-03  0.000E+00  4.692E-03
 4.200E+00  4.518E-03  1.904E-03  0.000E+00  4.518E-03
 4.250E+00  4.372E-03  1.812E-03  0.000E+00  4.372E-03
 4.300E+00  4.244E-03  1.724E-03  0.000E+00  4.244E-03
 4.350E+00  4.120E-03  1.639E-03  0.000E+00  4.120E-03
 4.400E+00  3.996E-03  1.559E-03  0.000E+00  3.996E-03
 4.450E+00  3.873E-03  1.482E-03  0.000E+00  3.873E-03
 4.500E+00  3.754E-03  1.409E-03  0.000E+00  3.754E-03
 4.550E+00  3.643E-03  1.339E-03  0.000E+00  3.643E-03
 4.600E+00  3.525E-03  1.272E-03  0.000E+00  3.525E-03
 4.650E+00  3.402E-03  1.209E-03  0.000E+00  3.402E-03
 4.700E+00  3.277E-03  1.148E-03  0.000E+00  3.277E-03
 4.750E+00  3.155E-03  1.091E-03  0.000E+00  3.155E-03
 4.800E+00  3.037E-03  1.036E-03  0.000E+00  3.037E-03
 4.850E+00  2.924E-03  9.832E-04  0.000E+00  2.924E-03
 4.900E+00  2.810E-03  9.333E-04  0.000E+00  2.810E-03
 4.950E+00  2.702E-03  8.857E-04  0.000E+00  2.702E-03
 5.000E+00  2.587E-03  8.405E-04  0.000E+00  2.587E-03
 5.050E+00  2.490E-03  7.975E-04  0.000E+00  2.490E-03
 5.100E+00  2.403E-03  7.565E-04  0.000E+00  2.403E-03
 5.150E+00  2.315E-03  7.175E-04  0.000E+00  2.315E-03
 5.200E+00  2.224E-03  6.804E-04  0.000E+00  2.224E-03
 5.250E+00  2.129E-03  6.452E-04  0.000E+00  2.129E-03
 5.300E+00  2.033E-03  6.117E-04  0.000E+00  2.033E-03
 5.350E+00  1.943E-03  5.798E-04  0.000E+00  1.943E-03
 5.400E+00  1.868E-03  5.495E-04  0.000E+00  1.868E-03
 5.450E+00  1.794E-03  5.208E-04  0.000E+00  1.794E-03
 5.500E+00  1.719E-03  4.934E-04  0.000E+00  1.719E-03
 5.550E+00  1.644E-03  4.675E-04  0.000E+00  1.644E-03
 5.600E+00  1.572E-03  4.428E-04  0.000E+00  1.572E-03
 5.650E+00  1.496E-03  4.194E-04  0.000E+00  1.496E-03
 5.700E+00  1.417E-03  3.972E-04  0.000E+00  1.417E-03
 5.750E+00  1.340E-03  3.761E-04  0.000E+00  1.340E-03
 5.800E+00  1.287E-03  3.561E-04  0.000E+00  1.287E-03
 5.850E+00  1.239E-03  3.370E-04  0.000E+00  1.239E-03
 5.900E+00  1.192E-03  3.190E-04  0.000E+00  1.192E-03
 5.950E+00  1.144E-03  3.019E-04  0.000E+00  1.144E-03
 6.000E+00  1.097E-03  2.857E-04  0.000E+00  1.097E-03
 6.050E+00  1.052E-03  2.703E-04  0.000E+00  1.052E-03
 6.100E+00  1.008E-03  2.557E-04  0.000E+00  1.008E-03
 6.150E+00  9.668E-04  2.419E-04  0.000E+00  9.668E-04
 6.200E+00  9.293E-04  2.288E-04  0.000E+00  9.293E-04
 6.250E+00  8.919E-04  2.164E-04  0.000E+00  8.919E-04
 6.300E+00  8.540E-04  2.046E-04  0.000E+00  8.540E-04
 6.350E+00  8.156E-04  1.935E-04  0.000E+00  8.156E-04
 6.400E+00  7.780E-04  1.829E-04  0.000E+00  7.780E-04
 6.450E+00  7.479E-04  1.729E-04  0.000E+00  7.479E-04
 6.500E+00  7.220E-04  1.634E-04  0.000E+00  7.220E-04
 6.550E+00  6.960E-04  1.545E-04  0.000E+00  6.960E-04
 6.600E+00  6.706E-04  1.460E-04  0.000E+00  6.706E-04
 6.650E+00  6.480E-04  1.379E-04  0.000E+00  6.480E-04
 6.700E+00  6.256E-04  1.303E-04  0.000E+00  6.256E-04
 6.750E+00  6.030E-04  1.231E-04  0.000E+00  6.030E-04
 6.800E+00  5.808E-04  1.163E-04  0.000E+00  5.808E-04
 6.850E+00  5.591E-04  1.098E-04  0.000E+00  5.591E-04
 6.900E+00  5.369E-04  1.037E-04  0.000E+00  5.369E-04
 6.950E+00  5.139E-04  9.794E-05  0.000E+00  5.139E-04
 7.000E+00  4.923E-04  9.248E-05  0.000E+00  4.923E-04
 7.050E+00  4.733E-04  8.730E-05  0.000E+00  4.733E-04
 7.100E+00  4.522E-04  8.242E-05  0.000E+00  4.522E-04
 7.150E+00  4.303E-04  7.780E-05  0.000E+00  4.303E-04
 7.200E+00  4.084E-04  7.345E-05  0.000E+00  4.084E-04
 7.250E+00  3.886E-04  6.930E-05  0.000E+00  3.886E-04
 7.300E+00  3.709E-04  6.540E-05  0.000E+00  3.709E-04
 7.350E+00  3.543E-04  6.174E-05  0.000E+00  3.543E-04
 7.400E+00  3.377E-04  5.823E-05  0.000E+00  3.377E-04
 7.450E+00  3.212E-04  5.491E-05  0.000E+00  3.212E-04
 7.500E+00  3.076E-04  5.183E-05  0.000E+00  3.076E-04
 7.550E+00  2.948E-04  4.889E-05  0.000E+00  2.948E-04
 7.600E+00  2.820E-04  4.612E-05  0.000E+00  2.820E-04
 7.650E+00  2.699E-04  4.348E-05  0.000E+00  2.699E-04
 7.700E+00  2.595E-04  4.099E-05  0.000E+00  2.595E-04
 7.750E+00  2.491E-04  3.869E-05  0.000E+00  2.491E-04
 7.800E+00  2.387E-04  3.647E-05  0.000E+00  2.387E-04
 7.850E+00  2.282E-04  3.439E-05  0.000E+00  2.282E-04
 7.900E+00  2.178E-04  3.238E-05  0.000E+00  2.178E-04
 7.950E+00  2.074E-04  3.054E-05  0.000E+00  2.074E-04
 8.000E+00  1.974E-04  2.881E-05  0.000E+00  1.974E-04
 8.050E+00  1.879E-04  2.713E-05  0.000E+00  1.879E-04
 8.100E+00  1.784E-04  2.558E-05  0.000E+00  1.784E-04
 8.150E+00  1.689E-04  2.412E-05  0.000E+00  1.689E-04
 8.200E+00  1.595E-04  2.271E-05  0.000E+00  1.595E-04
 8.250E+00  1.504E-04  2.138E-05  0.000E+00  1.504E-04
 8.300E+00  1.421E-04  2.017E-05  0.000E+00  1.421E-04
 8.350E+00  1.338E-04  1.900E-05  0.000E+00  1.338E-04
 8.400E+00  1.256E-04  1.788E-05  0.000E+00  1.256E-04
 8.450E+00  1.176E-04  1.686E-05  0.000E+00  1.176E-04
 8.500E+00  1.096E-04  1.588E-05  0.000E+00  1.096E-04
 8.550E+00  1.027E-04  1.494E-05  0.000E+00  1.027E-04
 8.600E+00  9.702E-05  1.409E-05  0.000E+00  9.702E-05
 8.650E+00  9.164E-05  1.325E-05  0.000E+00  9.164E-05
 8.700E+00  8.592E-05  1.250E-05  0.000E+00  8.592E-05
 8.750E+00  8.013E-05  1.175E-05  0.000E+00  8.013E-05
 8.800E+00  7.439E-05  1.108E-05  0.000E+00  7.439E-05
 8.850E+00  6.931E-05  1.039E-05  0.000E+00  6.931E-05
 8.900E+00  6.461E-05  9.810E-06  0.000E+00  6.461E-05
 8.950E+00  5.996E-05  9.225E-06  0.000E+00  5.996E-05
 9.000E+00  5.543E-05  8.693E-06  0.000E+00  5.543E-05
 9.050E+00  5.097E-05  8.183E-06  0.000E+00  5.097E-05
 9.100E+00  4.657E-05  7.693E-06  0.000E+00  4.657E-05
 9.150E+00  4.221E-05  7.252E-06  0.000E+00  4.221E-05
 9.200E+00  3.792E-05  6.800E-06  0.000E+00  3.792E-05
 9.250E+00  3.368E-05  6.424E-06  0.000E+00  3.368E-05
 9.300E+00  2.971E-05  6.035E-06  0.000E+00  2.971E-05
 9.350E+00  2.638E-05  5.662E-06  0.000E+00  2.638E-05
 9.400E+00  2.369E-05  5.333E-06  0.000E+00  2.369E-05
 9.450E+00  2.273E-05  5.017E-06  0.000E+00  2.272E-05
 9.500E+00  2.189E-05  4.745E-06  0.000E+00  2.189E-05
 9.550E+00  2.107E-05  4.424E-06  0.000E+00  2.107E-05
 9.600E+00  2.026E-05  4.176E-06  0.000E+00  2.026E-05
 9.650E+00  1.945E-05  3.937E-06  0.000E+00  1.945E-05
 9.700E+00  1.866E-05  3.710E-06  0.000E+00  1.866E-05
 9.750E+00  1.788E-05  3.462E-06  0.000E+00  1.788E-05
 9.800E+00  1.710E-05  3.283E-06  0.000E+00  1.710E-05
 9.850E+00  1.634E-05  3.053E-06  0.000E+00  1.634E-05
 9.900E+00  1.559E-05  2.890E-06  0.000E+00  1.559E-05
 9.950E+00  1.485E-05  2.706E-06  0.000E+00  1.485E-05
 1.000E+01  1.412E-05  2.559E-06  0.000E+00  1.412E-05
 1.005E+01  1.340E-05  2.418E-06  0.000E+00  1.340E-05
 1.010E+01  1.270E-05  2.254E-06  0.000E+00  1.270E-05
 1.015E+01  1.201E-05  2.096E-06  0.000E+00  1.201E-05
 1.020E+01  1.133E-05  2.004E-06  0.000E+00  1.133E-05
 1.025E+01  1.066E-05  1.887E-06  0.000E+00  1.066E-05
 1.030E+01  1.001E-05  1.745E-06  0.000E+00  1.001E-05
 1.035E+01  9.372E-06  1.668E-06  0.000E+00  9.372E-06
 1.040E+01  8.747E-06  1.536E-06  0.000E+00  8.747E-06
 1.045E+01  8.136E-06  1.467E-06  0.000E+00  8.136E-06
 1.050E+01  7.538E-06  1.373E-06  0.000E+00  7.538E-06
 1.055E+01  6.950E-06  1.283E-06  0.000E+00  6.950E-06
 1.060E+01  6.375E-06  1.226E-06  0.000E+00  6.375E-06
 1.065E+01  5.814E-06  1.112E-06  0.000E+00  5.814E-06
 1.070E+01  5.262E-06  1.092E-06  0.000E+00  5.262E-06
 1.075E+01  4.719E-06  9.843E-07  0.000E+00  4.719E-06
 1.080E+01  4.185E-06  9.396E-07  0.000E+00  4.185E-06
 1.085E+01  3.659E-06  8.975E-07  0.000E+00  3.659E-06
 1.090E+01  3.143E-06  8.281E-07  0.000E+00  3.143E-06
 1.095E+01  2.635E-06  7.908E-07  0.000E+00  2.635E-06
 1.100E+01  2.137E-06  7.260E-07  0.000E+00  2.137E-06
 1.105E+01  1.647E-06  6.930E-07  0.000E+00  1.647E-06
 1.110E+01  1.167E-06  6.322E-07  0.000E+00  1.167E-06
 1.115E+01  6.965E-07  6.031E-07  0.000E+00  6.965E-07
 1.120E+01  2.350E-07  5.757E-07  0.000E+00  2.350E-07
 1.125E+01  1.007E-09  5.499E-07  0.000E+00  1.010E-09
 1.130E+01  9.410E-10  4.958E-07  0.000E+00  9.441E-10
 1.135E+01  8.765E-10  4.730E-07  0.000E+00  8.795E-10
 1.140E+01  8.135E-10  4.516E-07  0.000E+00  8.163E-10
 1.145E+01  7.518E-10  4.016E-07  0.000E+00  7.543E-10
 1.150E+01  6.911E-10  3.827E-07  0.000E+00  6.935E-10
 1.155E+01  6.320E-10  3.649E-07  0.000E+00  6.343E-10
 1.160E+01  5.747E-10  3.481E-07  0.000E+00  5.769E-10
 1.165E+01  5.183E-10  3.324E-07  0.000E+00  5.204E-10
 1.170E+01  4.628E-10  2.878E-07  0.000E+00  4.646E-10
 1.175E+01  4.082E-10  3.037E-07  0.000E+00  4.101E-10
 1.180E+01  3.545E-10  2.608E-07  0.000E+00  3.562E-10
 1.185E+01  3.017E-10  2.485E-07  0.000E+00  3.033E-10
 1.190E+01  2.501E-10  2.370E-07  0.000E+00  2.517E-10
 1.195E+01  2.052E-10  2.262E-07  0.000E+00  2.066E-10
 1.200E+01  1.634E-10  1.862E-07  0.000E+00  1.646E-10
 Total      9.865E-01  1.000E+00  0.000E+00  9.865E-01

            Absolute Totals (neutrons/sec-basis)
            ==========================================
 E (MeV)    (a,n)      (sf)       (dn)       Total
 ---------  ---------  ---------  ---------  ---------
 0.000E+00  0.000E+00  0.000E+00  0.000E+00  0.000E+00
 5.000E-02  8.317E-10  9.993E-15  0.000E+00  8.317E-10
 1.000E-01  1.306E-09  1.795E-14  0.000E+00  1.306E-09
 1.500E-01  1.618E-09  2.277E-14  0.000E+00  1.618E-09
 2.000E-01  1.891E-09  2.638E-14  0.000E+00  1.891E-09
 2.500E-01  2.139E-09  2.923E-14  0.000E+00  2.139E-09
 3.000E-01  2.388E-09  3.152E-14  0.000E+00  2.388E-09
 3.500E-01  2.631E-09  3.339E-14  0.000E+00  2.631E-09
 4.000E-01  2.859E-09  3.490E-14  0.000E+00  2.859E-09
 4.500E-01  3.051E-09  3.612E-14  0.000E+00  3.051E-09
 5.000E-01  3.191E-09  3.708E-14  0.000E+00  3.191E-09
 5.500E-01  3.318E-09  3.782E-14  0.000E+00  3.318E-09
 6.000E-01  3.441E-09  3.836E-14  0.000E+00  3.441E-09
 6.500E-01  3.544E-09  3.873E-14  0.000E+00  3.545E-09
 7.000E-01  3.643E-09  3.894E-14  0.000E+00  3.643E-09
 7.500E-01  3.728E-09  3.902E-14  0.000E+00  3.729E-09
 8.000E-01  3.807E-09  3.897E-14  0.000E+00  3.807E-09
 8.500E-01  3.873E-09  3.882E-14  0.000E+00  3.873E-09
 9.000E-01  3.925E-09  3.856E-14  0.000E+00  3.925E-09
 9.500E-01  3.955E-09  3.822E-14  0.000E+00  3.955E-09
 1.000E+00  3.973E-09  3.780E-14  0.000E+00  3.973E-09
 1.050E+00  3.991E-09  3.732E-14  0.000E+00  3.991E-09
 1.100E+00  4.010E-09  3.677E-14  0.000E+00  4.010E-09
 1.150E+00  4.030E-09  3.618E-14  0.000E+00  4.030E-09
 1.200E+00  4.045E-09  3.554E-14  0.000E+00  4.045E-09
 1.250E+00  4.058E-09  3.486E-14  0.000E+00  4.058E-09
 1.300E+00  4.064E-09  3.414E-14  0.000E+00  4.064E-09
 1.350E+00  4.062E-09  3.340E-14  0.000E+00  4.062E-09
 1.400E+00  4.057E-09  3.264E-14  0.000E+00  4.057E-09
 1.450E+00  4.047E-09  3.186E-14  0.000E+00  4.047E-09
 1.500E+00  4.030E-09  3.106E-14  0.000E+00  4.030E-09
 1.550E+00  4.012E-09  3.026E-14  0.000E+00  4.012E-09
 1.600E+00  3.994E-09  2.944E-14  0.000E+00  3.994E-09
 1.650E+00  3.975E-09  2.863E-14  0.000E+00  3.975E-09
 1.700E+00  3.953E-09  2.781E-14  0.000E+00  3.953E-09
 1.750E+00  3.933E-09  2.699E-14  0.000E+00  3.933E-09
 1.800E+00  3.911E-09  2.617E-14  0.000E+00  3.911E-09
 1.850E+00  3.886E-09  2.536E-14  0.000E+00  3.886E-09
 1.900E+00  3.853E-09  2.456E-14  0.000E+00  3.853E-09
 1.950E+00  3.822E-09  2.377E-14  0.000E+00  3.822E-09
 2.000E+00  3.784E-09  2.299E-14  0.000E+00  3.784E-09
 2.050E+00  3.747E-09  2.222E-14  0.000E+00  3.747E-09
 2.100E+00  3.712E-09  2.146E-14  0.000E+00  3.712E-09
 2.150E+00  3.676E-09  2.071E-14  0.000E+00  3.676E-09
 2.200E+00  3.638E-09  1.998E-14  0.000E+00  3.638E-09
 2.250E+00  3.600E-09  1.926E-14  0.000E+00  3.600E-09
 2.300E+00  3.558E-09  1.856E-14  0.000E+00  3.558E-09
 2.350E+00  3.515E-09  1.788E-14  0.000E+00  3.515E-09
 2.400E+00  3.456E-09  1.721E-14  0.000E+00  3.456E-09
 2.450E+00  3.391E-09  1.656E-14  0.000E+00  3.391E-09
 2.500E+00  3.326E-09  1.593E-14  0.000E+00  3.326E-09
 2.550E+00  3.264E-09  1.531E-14  0.000E+00  3.264E-09
 2.600E+00  3.201E-09  1.471E-14  0.000E+00  3.201E-09
 2.650E+00  3.134E-09  1.413E-14  0.000E+00  3.134E-09
 2.700E+00  3.067E-09  1.357E-14  0.000E+00  3.067E-09
 2.750E+00  3.003E-09  1.302E-14  0.000E+00  3.003E-09
 2.800E+00  2.935E-09  1.249E-14  0.000E+00  2.935E-09
 2.850E+00  2.851E-09  1.198E-14  0.000E+00  2.851E-09
 2.900E+00  2.766E-09  1.148E-14  0.000E+00  2.766E-09
 2.950E+00  2.680E-09  1.100E-14  0.000E+00  2.680E-09
 3.000E+00  2.599E-09  1.054E-14  0.000E+00  2.599E-09
 3.050E+00  2.522E-09  1.009E-14  0.000E+00  2.522E-09
 3.100E+00  2.458E-09  9.662E-15  0.000E+00  2.458E-09
 3.150E+00  2.400E-09  9.246E-15  0.000E+00  2.400E-09
 3.200E+00  2.340E-09  8.845E-15  0.000E+00  2.340E-09
 3.250E+00  2.278E-09  8.459E-15  0.000E+00  2.278E-09
 3.300E+00  2.217E-09  8.087E-15  0.000E+00  2.217E-09
 3.350E+00  2.153E-09  7.729E-15  0.000E+00  2.153E-09
 3.400E+00  2.096E-09  7.385E-15  0.000E+00  2.096E-09
 3.450E+00  2.045E-09  7.054E-15  0.000E+00  2.045E-09
 3.500E+00  1.987E-09  6.736E-15  0.000E+00  1.987E-09
 3.550E+00  1.924E-09  6.431E-15  0.000E+00  1.924E-09
 3.600E+00  1.861E-09  6.137E-15  0.000E+00  1.861E-09
 3.650E+00  1.796E-09  5.856E-15  0.000E+00  1.796E-09
 3.700E+00  1.743E-09  5.586E-15  0.000E+00  1.743E-09
 3.750E+00  1.694E-09  5.328E-15  0.000E+00  1.694E-09
 3.800E+00  1.645E-09  5.080E-15  0.000E+00  1.645E-09
 3.850E+00  1.598E-09  4.842E-15  0.000E+00  1.598E-09
 3.900E+00  1.554E-09  4.614E-15  0.000E+00  1.554E-09
 3.950E+00  1.509E-09  4.396E-15  0.000E+00  1.509E-09
 4.000E+00  1.464E-09  4.188E-15  0.000E+00  1.464E-09
 4.050E+00  1.424E-09  3.988E-15  0.000E+00  1.424E-09
 4.100E+00  1.383E-09  3.797E-15  0.000E+00  1.383E-09
 4.150E+00  1.336E-09  3.615E-15  0.000E+00  1.336E-09
 4.200E+00  1.286E-09  3.440E-15  0.000E+00  1.286E-09
 4.250E+00  1.244E-09  3.273E-15  0.000E+00  1.244E-09
 4.300E+00  1.208E-09  3.114E-15  0.000E+00  1.208E-09
 4.350E+00  1.173E-09  2.962E-15  0.000E+00  1.173E-09
 4.400E+00  1.137E-09  2.817E-15  0.000E+00  1.137E-09
 4.450E+00  1.102E-09  2.678E-15  0.000E+00  1.102E-09
 4.500E+00  1.069E-09  2.546E-15  0.000E+00  1.069E-09
 4.550E+00  1.037E-09  2.419E-15  0.000E+00  1.037E-09
 4.600E+00  1.003E-09  2.299E-15  0.000E+00  1.003E-09
 4.650E+00  9.685E-10  2.184E-15  0.000E+00  9.685E-10
 4.700E+00  9.329E-10  2.075E-15  0.000E+00  9.329E-10
 4.750E+00  8.981E-10  1.970E-15  0.000E+00  8.981E-10
 4.800E+00  8.646E-10  1.871E-15  0.000E+00  8.646E-10
 4.850E+00  8.325E-10  1.776E-15  0.000E+00  8.325E-10
 4.900E+00  7.999E-10  1.686E-15  0.000E+00  7.999E-10
 4.950E+00  7.691E-10  1.600E-15  0.000E+00  7.691E-10
 5.000E+00  7.366E-10  1.519E-15  0.000E+00  7.366E-10
 5.050E+00  7.088E-10  1.441E-15  0.000E+00  7.088E-10
 5.100E+00  6.840E-10  1.367E-15  0.000E+00  6.840E-10
 5.150E+00  6.590E-10  1.296E-15  0.000E+00  6.590E-10
 5.200E+00  6.332E-10  1.229E-15  0.000E+00  6.332E-10
 5.250E+00  6.061E-10  1.166E-15  0.000E+00  6.061E-10
 5.300E+00  5.787E-10  1.105E-15  0.000E+00  5.787E-10
 5.350E+00  5.533E-10  1.048E-15  0.000E+00  5.533E-10
 5.400E+00  5.318E-10  9.929E-16  0.000E+00  5.318E-10
 5.450E+00  5.106E-10  9.409E-16  0.000E+00  5.106E-10
 5.500E+00  4.893E-10  8.915E-16  0.000E+00  4.893E-10
 5.550E+00  4.680E-10  8.446E-16  0.000E+00  4.680E-10
 5.600E+00  4.474E-10  8.000E-16  0.000E+00  4.474E-10
 5.650E+00  4.260E-10  7.578E-16  0.000E+00  4.260E-10
 5.700E+00  4.035E-10  7.176E-16  0.000E+00  4.035E-10
 5.750E+00  3.816E-10  6.795E-16  0.000E+00  3.816E-10
 5.800E+00  3.662E-10  6.433E-16  0.000E+00  3.662E-10
 5.850E+00  3.528E-10  6.089E-16  0.000E+00  3.528E-10
 5.900E+00  3.393E-10  5.764E-16  0.000E+00  3.393E-10
 5.950E+00  3.258E-10  5.455E-16  0.000E+00  3.258E-10
 6.000E+00  3.123E-10  5.162E-16  0.000E+00  3.123E-10
 6.050E+00  2.995E-10  4.884E-16  0.000E+00  2.995E-10
 6.100E+00  2.870E-10  4.620E-16  0.000E+00  2.870E-10
 6.150E+00  2.752E-10  4.370E-16  0.000E+00  2.752E-10
 6.200E+00  2.645E-10  4.134E-16  0.000E+00  2.645E-10
 6.250E+00  2.539E-10  3.909E-16  0.000E+00  2.539E-10
 6.300E+00  2.431E-10  3.697E-16  0.000E+00  2.431E-10
 6.350E+00  2.322E-10  3.495E-16  0.000E+00  2.322E-10
 6.400E+00  2.215E-10  3.304E-16  0.000E+00  2.215E-10
 6.450E+00  2.129E-10  3.124E-16  0.000E+00  2.129E-10
 6.500E+00  2.055E-10  2.952E-16  0.000E+00  2.055E-10
 6.550E+00  1.981E-10  2.791E-16  0.000E+00  1.981E-10
 6.600E+00  1.909E-10  2.637E-16  0.000E+00  1.909E-10
 6.650E+00  1.845E-10  2.491E-16  0.000E+00  1.845E-10
 6.700E+00  1.781E-10  2.354E-16  0.000E+00  1.781E-10
 6.750E+00  1.716E-10  2.224E-16  0.000E+00  1.716E-10
 6.800E+00  1.653E-10  2.101E-16  0.000E+00  1.653E-10
 6.850E+00  1.592E-10  1.984E-16  0.000E+00  1.592E-10
 6.900E+00  1.528E-10  1.874E-16  0.000E+00  1.528E-10
 6.950E+00  1.463E-10  1.770E-16  0.000E+00  1.463E-10
 7.000E+00  1.402E-10  1.671E-16  0.000E+00  1.402E-10
 7.050E+00  1.347E-10  1.577E-16  0.000E+00  1.347E-10
 7.100E+00  1.287E-10  1.489E-16  0.000E+00  1.287E-10
 7.150E+00  1.225E-10  1.406E-16  0.000E+00  1.225E-10
 7.200E+00  1.163E-10  1.327E-16  0.000E+00  1.163E-10
 7.250E+00  1.106E-10  1.252E-16  0.000E+00  1.106E-10
 7.300E+00  1.056E-10  1.182E-16  0.000E+00  1.056E-10
 7.350E+00  1.009E-10  1.115E-16  0.000E+00  1.009E-10
 7.400E+00  9.612E-11  1.052E-16  0.000E+00  9.612E-11
 7.450E+00  9.144E-11  9.922E-17  0.000E+00  9.144E-11
 7.500E+00  8.755E-11  9.365E-17  0.000E+00  8.755E-11
 7.550E+00  8.391E-11  8.834E-17  0.000E+00  8.391E-11
 7.600E+00  8.026E-11  8.333E-17  0.000E+00  8.026E-11
 7.650E+00  7.683E-11  7.856E-17  0.000E+00  7.683E-11
 7.700E+00  7.387E-11  7.406E-17  0.000E+00  7.387E-11
 7.750E+00  7.091E-11  6.989E-17  0.000E+00  7.091E-11
 7.800E+00  6.795E-11  6.588E-17  0.000E+00  6.795E-11
 7.850E+00  6.497E-11  6.213E-17  0.000E+00  6.497E-11
 7.900E+00  6.199E-11  5.851E-17  0.000E+00  6.199E-11
 7.950E+00  5.905E-11  5.519E-17  0.000E+00  5.905E-11
 8.000E+00  5.620E-11  5.204E-17  0.000E+00  5.620E-11
 8.050E+00  5.348E-11  4.902E-17  0.000E+00  5.348E-11
 8.100E+00  5.078E-11  4.622E-17  0.000E+00  5.078E-11
 8.150E+00  4.808E-11  4.357E-17  0.000E+00  4.808E-11
 8.200E+00  4.540E-11  4.103E-17  0.000E+00  4.540E-11
 8.250E+00  4.282E-11  3.864E-17  0.000E+00  4.282E-11
 8.300E+00  4.044E-11  3.644E-17  0.000E+00  4.044E-11
 8.350E+00  3.809E-11  3.433E-17  0.000E+00  3.809E-11
 8.400E+00  3.577E-11  3.230E-17  0.000E+00  3.577E-11
 8.450E+00  3.347E-11  3.046E-17  0.000E+00  3.347E-11
 8.500E+00  3.121E-11  2.869E-17  0.000E+00  3.121E-11
 8.550E+00  2.922E-11  2.699E-17  0.000E+00  2.922E-11
 8.600E+00  2.762E-11  2.546E-17  0.000E+00  2.762E-11
 8.650E+00  2.609E-11  2.393E-17  0.000E+00  2.609E-11
 8.700E+00  2.446E-11  2.258E-17  0.000E+00  2.446E-11
 8.750E+00  2.281E-11  2.122E-17  0.000E+00  2.281E-11
 8.800E+00  2.118E-11  2.003E-17  0.000E+00  2.118E-11
 8.850E+00  1.973E-11  1.877E-17  0.000E+00  1.973E-11
 8.900E+00  1.839E-11  1.772E-17  0.000E+00  1.839E-11
 8.950E+00  1.707E-11  1.667E-17  0.000E+00  1.707E-11
 9.000E+00  1.578E-11  1.571E-17  0.000E+00  1.578E-11
 9.050E+00  1.451E-11  1.478E-17  0.000E+00  1.451E-11
 9.100E+00  1.326E-11  1.390E-17  0.000E+00  1.326E-11
 9.150E+00  1.202E-11  1.310E-17  0.000E+00  1.202E-11
 9.200E+00  1.080E-11  1.229E-17  0.000E+00  1.080E-11
 9.250E+00  9.589E-12  1.161E-17  0.000E+00  9.589E-12
 9.300E+00  8.457E-12  1.090E-17  0.000E+00  8.457E-12
 9.350E+00  7.510E-12  1.023E-17  0.000E+00  7.510E-12
 9.400E+00  6.744E-12  9.635E-18  0.000E+00  6.744E-12
 9.450E+00  6.469E-12  9.065E-18  0.000E+00  6.469E-12
 9.500E+00  6.232E-12  8.572E-18  0.000E+00  6.232E-12
 9.550E+00  5.998E-12  7.994E-18  0.000E+00  5.998E-12
 9.600E+00  5.766E-12  7.544E-18  0.000E+00  5.766E-12
 9.650E+00  5.537E-12  7.114E-18  0.000E+00  5.537E-12
 9.700E+00  5.312E-12  6.702E-18  0.000E+00  5.312E-12
 9.750E+00  5.089E-12  6.255E-18  0.000E+00  5.089E-12
 9.800E+00  4.869E-12  5.931E-18  0.000E+00  4.869E-12
 9.850E+00  4.652E-12  5.515E-18  0.000E+00  4.652E-12
 9.900E+00  4.438E-12  5.222E-18  0.000E+00  4.438E-12
 9.950E+00  4.227E-12  4.889E-18  0.000E+00  4.227E-12
 1.000E+01  4.020E-12  4.623E-18  0.000E+00  4.020E-12
 1.005E+01  3.816E-12  4.369E-18  0.000E+00  3.816E-12
 1.010E+01  3.616E-12  4.072E-18  0.000E+00  3.616E-12
 1.015E+01  3.419E-12  3.787E-18  0.000E+00  3.419E-12
 1.020E+01  3.225E-12  3.620E-18  0.000E+00  3.225E-12
 1.025E+01  3.036E-12  3.409E-18  0.000E+00  3.036E-12
 1.030E+01  2.850E-12  3.153E-18  0.000E+00  2.850E-12
 1.035E+01  2.668E-12  3.014E-18  0.000E+00  2.668E-12
 1.040E+01  2.490E-12  2.774E-18  0.000E+00  2.490E-12
 1.045E+01  2.316E-12  2.651E-18  0.000E+00  2.316E-12
 1.050E+01  2.146E-12  2.481E-18  0.000E+00  2.146E-12
 1.055E+01  1.978E-12  2.317E-18  0.000E+00  1.978E-12
 1.060E+01  1.815E-12  2.214E-18  0.000E+00  1.815E-12
 1.065E+01  1.655E-12  2.009E-18  0.000E+00  1.655E-12
 1.070E+01  1.498E-12  1.972E-18  0.000E+00  1.498E-12
 1.075E+01  1.343E-12  1.778E-18  0.000E+00  1.343E-12
 1.080E+01  1.191E-12  1.698E-18  0.000E+00  1.191E-12
 1.085E+01  1.042E-12  1.621E-18  0.000E+00  1.042E-12
 1.090E+01  8.946E-13  1.496E-18  0.000E+00  8.946E-13
 1.095E+01  7.502E-13  1.429E-18  0.000E+00  7.502E-13
 1.100E+01  6.083E-13  1.312E-18  0.000E+00  6.083E-13
 1.105E+01  4.690E-13  1.252E-18  0.000E+00  4.690E-13
 1.110E+01  3.323E-13  1.142E-18  0.000E+00  3.323E-13
 1.115E+01  1.983E-13  1.090E-18  0.000E+00  1.983E-13
 1.120E+01  6.688E-14  1.040E-18  0.000E+00  6.688E-14
 1.125E+01  2.866E-16  9.934E-19  0.000E+00  2.876E-16
 1.130E+01  2.679E-16  8.958E-19  0.000E+00  2.688E-16
 1.135E+01  2.495E-16  8.546E-19  0.000E+00  2.504E-16
 1.140E+01  2.316E-16  8.159E-19  0.000E+00  2.324E-16
 1.145E+01  2.140E-16  7.256E-19  0.000E+00  2.147E-16
 1.150E+01  1.967E-16  6.914E-19  0.000E+00  1.974E-16
 1.155E+01  1.799E-16  6.592E-19  0.000E+00  1.806E-16
 1.160E+01  1.636E-16  6.290E-19  0.000E+00  1.642E-16
 1.165E+01  1.475E-16  6.005E-19  0.000E+00  1.481E-16
 1.170E+01  1.317E-16  5.200E-19  0.000E+00  1.323E-16
 1.175E+01  1.162E-16  5.487E-19  0.000E+00  1.167E-16
 1.180E+01  1.009E-16  4.712E-19  0.000E+00  1.014E-16
 1.185E+01  8.590E-17  4.491E-19  0.000E+00  8.635E-17
 1.190E+01  7.121E-17  4.282E-19  0.000E+00  7.164E-17
 1.195E+01  5.841E-17  4.086E-19  0.000E+00  5.882E-17
 1.200E+01  4.651E-17  3.364E-19  0.000E+00  4.684E-17
 Total      2.847E-07  1.807E-12  0.000E+00  2.847E-07
