SOURCES 4C Calculation
<<<<<<<<<<<>>>>>>>>>>>



                      Summary of Input
                      ================
 
Title: SNOLAB - NORITE Th232                                                        
Homogeneous problem input (idd = 1)
Magnitudes and spectra computed (id = 2)
Ascending energy structure for output (erg =  1)
Number of elemental constituents: 10
Solid stopping cross-sections used (isg = 0)
 
Elemental Constituents:
 
  Z-value  Atom Fraction
  -------  -------------
      6     0.0005240000
      8     0.6262639761
     11     0.0156833548
     12     0.0522561185
     13     0.0466959998
     14     0.2007474452
     19     0.0052000000
     20     0.0179397296
     25     0.0003820000
     26     0.0239092391
 
Number of neutron spectrum energy groups: 240
Maximum neutron energy is  1.200E+01 MeV.
Minimum neutron energy is  0.000E+00 MeV.
 
Energy Group Structure:
 
  Group  Upper-Bound  Lower-Bound
  -----  -----------  -----------
     1     1.200E+01    1.195E+01
     2     1.195E+01    1.190E+01
     3     1.190E+01    1.185E+01
     4     1.185E+01    1.180E+01
     5     1.180E+01    1.175E+01
     6     1.175E+01    1.170E+01
     7     1.170E+01    1.165E+01
     8     1.165E+01    1.160E+01
     9     1.160E+01    1.155E+01
    10     1.155E+01    1.150E+01
    11     1.150E+01    1.145E+01
    12     1.145E+01    1.140E+01
    13     1.140E+01    1.135E+01
    14     1.135E+01    1.130E+01
    15     1.130E+01    1.125E+01
    16     1.125E+01    1.120E+01
    17     1.120E+01    1.115E+01
    18     1.115E+01    1.110E+01
    19     1.110E+01    1.105E+01
    20     1.105E+01    1.100E+01
    21     1.100E+01    1.095E+01
    22     1.095E+01    1.090E+01
    23     1.090E+01    1.085E+01
    24     1.085E+01    1.080E+01
    25     1.080E+01    1.075E+01
    26     1.075E+01    1.070E+01
    27     1.070E+01    1.065E+01
    28     1.065E+01    1.060E+01
    29     1.060E+01    1.055E+01
    30     1.055E+01    1.050E+01
    31     1.050E+01    1.045E+01
    32     1.045E+01    1.040E+01
    33     1.040E+01    1.035E+01
    34     1.035E+01    1.030E+01
    35     1.030E+01    1.025E+01
    36     1.025E+01    1.020E+01
    37     1.020E+01    1.015E+01
    38     1.015E+01    1.010E+01
    39     1.010E+01    1.005E+01
    40     1.005E+01    1.000E+01
    41     1.000E+01    9.950E+00
    42     9.950E+00    9.900E+00
    43     9.900E+00    9.850E+00
    44     9.850E+00    9.800E+00
    45     9.800E+00    9.750E+00
    46     9.750E+00    9.700E+00
    47     9.700E+00    9.650E+00
    48     9.650E+00    9.600E+00
    49     9.600E+00    9.550E+00
    50     9.550E+00    9.500E+00
    51     9.500E+00    9.450E+00
    52     9.450E+00    9.400E+00
    53     9.400E+00    9.350E+00
    54     9.350E+00    9.300E+00
    55     9.300E+00    9.250E+00
    56     9.250E+00    9.200E+00
    57     9.200E+00    9.150E+00
    58     9.150E+00    9.100E+00
    59     9.100E+00    9.050E+00
    60     9.050E+00    9.000E+00
    61     9.000E+00    8.950E+00
    62     8.950E+00    8.900E+00
    63     8.900E+00    8.850E+00
    64     8.850E+00    8.800E+00
    65     8.800E+00    8.750E+00
    66     8.750E+00    8.700E+00
    67     8.700E+00    8.650E+00
    68     8.650E+00    8.600E+00
    69     8.600E+00    8.550E+00
    70     8.550E+00    8.500E+00
    71     8.500E+00    8.450E+00
    72     8.450E+00    8.400E+00
    73     8.400E+00    8.350E+00
    74     8.350E+00    8.300E+00
    75     8.300E+00    8.250E+00
    76     8.250E+00    8.200E+00
    77     8.200E+00    8.150E+00
    78     8.150E+00    8.100E+00
    79     8.100E+00    8.050E+00
    80     8.050E+00    8.000E+00
    81     8.000E+00    7.950E+00
    82     7.950E+00    7.900E+00
    83     7.900E+00    7.850E+00
    84     7.850E+00    7.800E+00
    85     7.800E+00    7.750E+00
    86     7.750E+00    7.700E+00
    87     7.700E+00    7.650E+00
    88     7.650E+00    7.600E+00
    89     7.600E+00    7.550E+00
    90     7.550E+00    7.500E+00
    91     7.500E+00    7.450E+00
    92     7.450E+00    7.400E+00
    93     7.400E+00    7.350E+00
    94     7.350E+00    7.300E+00
    95     7.300E+00    7.250E+00
    96     7.250E+00    7.200E+00
    97     7.200E+00    7.150E+00
    98     7.150E+00    7.100E+00
    99     7.100E+00    7.050E+00
   100     7.050E+00    7.000E+00
   101     7.000E+00    6.950E+00
   102     6.950E+00    6.900E+00
   103     6.900E+00    6.850E+00
   104     6.850E+00    6.800E+00
   105     6.800E+00    6.750E+00
   106     6.750E+00    6.700E+00
   107     6.700E+00    6.650E+00
   108     6.650E+00    6.600E+00
   109     6.600E+00    6.550E+00
   110     6.550E+00    6.500E+00
   111     6.500E+00    6.450E+00
   112     6.450E+00    6.400E+00
   113     6.400E+00    6.350E+00
   114     6.350E+00    6.300E+00
   115     6.300E+00    6.250E+00
   116     6.250E+00    6.200E+00
   117     6.200E+00    6.150E+00
   118     6.150E+00    6.100E+00
   119     6.100E+00    6.050E+00
   120     6.050E+00    6.000E+00
   121     6.000E+00    5.950E+00
   122     5.950E+00    5.900E+00
   123     5.900E+00    5.850E+00
   124     5.850E+00    5.800E+00
   125     5.800E+00    5.750E+00
   126     5.750E+00    5.700E+00
   127     5.700E+00    5.650E+00
   128     5.650E+00    5.600E+00
   129     5.600E+00    5.550E+00
   130     5.550E+00    5.500E+00
   131     5.500E+00    5.450E+00
   132     5.450E+00    5.400E+00
   133     5.400E+00    5.350E+00
   134     5.350E+00    5.300E+00
   135     5.300E+00    5.250E+00
   136     5.250E+00    5.200E+00
   137     5.200E+00    5.150E+00
   138     5.150E+00    5.100E+00
   139     5.100E+00    5.050E+00
   140     5.050E+00    5.000E+00
   141     5.000E+00    4.950E+00
   142     4.950E+00    4.900E+00
   143     4.900E+00    4.850E+00
   144     4.850E+00    4.800E+00
   145     4.800E+00    4.750E+00
   146     4.750E+00    4.700E+00
   147     4.700E+00    4.650E+00
   148     4.650E+00    4.600E+00
   149     4.600E+00    4.550E+00
   150     4.550E+00    4.500E+00
   151     4.500E+00    4.450E+00
   152     4.450E+00    4.400E+00
   153     4.400E+00    4.350E+00
   154     4.350E+00    4.300E+00
   155     4.300E+00    4.250E+00
   156     4.250E+00    4.200E+00
   157     4.200E+00    4.150E+00
   158     4.150E+00    4.100E+00
   159     4.100E+00    4.050E+00
   160     4.050E+00    4.000E+00
   161     4.000E+00    3.950E+00
   162     3.950E+00    3.900E+00
   163     3.900E+00    3.850E+00
   164     3.850E+00    3.800E+00
   165     3.800E+00    3.750E+00
   166     3.750E+00    3.700E+00
   167     3.700E+00    3.650E+00
   168     3.650E+00    3.600E+00
   169     3.600E+00    3.550E+00
   170     3.550E+00    3.500E+00
   171     3.500E+00    3.450E+00
   172     3.450E+00    3.400E+00
   173     3.400E+00    3.350E+00
   174     3.350E+00    3.300E+00
   175     3.300E+00    3.250E+00
   176     3.250E+00    3.200E+00
   177     3.200E+00    3.150E+00
   178     3.150E+00    3.100E+00
   179     3.100E+00    3.050E+00
   180     3.050E+00    3.000E+00
   181     3.000E+00    2.950E+00
   182     2.950E+00    2.900E+00
   183     2.900E+00    2.850E+00
   184     2.850E+00    2.800E+00
   185     2.800E+00    2.750E+00
   186     2.750E+00    2.700E+00
   187     2.700E+00    2.650E+00
   188     2.650E+00    2.600E+00
   189     2.600E+00    2.550E+00
   190     2.550E+00    2.500E+00
   191     2.500E+00    2.450E+00
   192     2.450E+00    2.400E+00
   193     2.400E+00    2.350E+00
   194     2.350E+00    2.300E+00
   195     2.300E+00    2.250E+00
   196     2.250E+00    2.200E+00
   197     2.200E+00    2.150E+00
   198     2.150E+00    2.100E+00
   199     2.100E+00    2.050E+00
   200     2.050E+00    2.000E+00
   201     2.000E+00    1.950E+00
   202     1.950E+00    1.900E+00
   203     1.900E+00    1.850E+00
   204     1.850E+00    1.800E+00
   205     1.800E+00    1.750E+00
   206     1.750E+00    1.700E+00
   207     1.700E+00    1.650E+00
   208     1.650E+00    1.600E+00
   209     1.600E+00    1.550E+00
   210     1.550E+00    1.500E+00
   211     1.500E+00    1.450E+00
   212     1.450E+00    1.400E+00
   213     1.400E+00    1.350E+00
   214     1.350E+00    1.300E+00
   215     1.300E+00    1.250E+00
   216     1.250E+00    1.200E+00
   217     1.200E+00    1.150E+00
   218     1.150E+00    1.100E+00
   219     1.100E+00    1.050E+00
   220     1.050E+00    1.000E+00
   221     1.000E+00    9.500E-01
   222     9.500E-01    9.000E-01
   223     9.000E-01    8.500E-01
   224     8.500E-01    8.000E-01
   225     8.000E-01    7.500E-01
   226     7.500E-01    7.000E-01
   227     7.000E-01    6.500E-01
   228     6.500E-01    6.000E-01
   229     6.000E-01    5.500E-01
   230     5.500E-01    5.000E-01
   231     5.000E-01    4.500E-01
   232     4.500E-01    4.000E-01
   233     4.000E-01    3.500E-01
   234     3.500E-01    3.000E-01
   235     3.000E-01    2.500E-01
   236     2.500E-01    2.000E-01
   237     2.000E-01    1.500E-01
   238     1.500E-01    1.000E-01
   239     1.000E-01    5.000E-02
   239     5.000E-02    0.000E+00
 
Number of source nuclides to be evaluated:  7
 
Source Nuclides:
 
    ZAID     Atom Density (g/cc)
    ----     -------------------
   902320     3.830E+16
   902280     5.230E+06
   882240     2.720E+04
   862200     4.820E+00
   842160     1.250E-02
   832120     3.150E+02
   842120     2.550E-08
 
Number of target nuclides to be used: 24
 4000 Alpha energy groups used.
 
Target Nuclides:
 
    ZAID     Atom Fraction
    ----     -------------
    60130     5.554E-06
    80170     2.405E-04
    80180     1.284E-03
   110230     1.568E-02
   120240     4.128E-02
   120250     5.226E-03
   120260     5.748E-03
   130270     4.670E-02
   140280     1.851E-01
   140290     9.375E-04
   140300     6.163E-04
   190390     4.852E-03
   190400     1.170E-04
   190410     3.500E-05
   200420     1.161E-04
   200430     2.422E-05
   200440     3.749E-04
   200460     7.176E-07
   200480     1.870E-03
   250550     3.820E-04
   260540     1.399E-03
   260560     2.195E-02
   260570     5.069E-04
   260580     6.695E-05
 
 


                      Summary of Output
                      =================
 
Total (alpha,n) neutron source from all sources and targets:  2.847E-07 n/sec-cm^3.

Total spontaneous fission neutron source from all sources and targets:  1.807E-12 n/sec-cm^3.

Total delayed neutron source from all sources and targets:  0.000E+00 n/sec-cm^3.

Total neutron source from all sources and targets:  2.847E-07 n/sec-cm^3.

Average (alpha,n) neutron energy:  2.296E+00 MeV.

Average spontaneous fission neutron energy:  0.00000E+00 MeV.

Average delayed neutron energy:  0.000E+00 MeV.

Average neutron energy from all sources:  2.296E+00 MeV.

Normalized Neutron Energy Spectrum by Energy Group for All Sources:
(Note: descending group structure is independent of erg record.)

          Group     Contribution
          -----     ------------
             1        1.646E-10
             2        2.066E-10
             3        2.517E-10
             4        3.033E-10
             5        3.562E-10
             6        4.101E-10
             7        4.646E-10
             8        5.204E-10
             9        5.769E-10
            10        6.343E-10
            11        6.935E-10
            12        7.543E-10
            13        8.163E-10
            14        8.795E-10
            15        9.441E-10
            16        1.010E-09
            17        2.350E-07
            18        6.965E-07
            19        1.167E-06
            20        1.647E-06
            21        2.137E-06
            22        2.635E-06
            23        3.143E-06
            24        3.659E-06
            25        4.185E-06
            26        4.719E-06
            27        5.262E-06
            28        5.814E-06
            29        6.375E-06
            30        6.950E-06
            31        7.538E-06
            32        8.136E-06
            33        8.747E-06
            34        9.372E-06
            35        1.001E-05
            36        1.066E-05
            37        1.133E-05
            38        1.201E-05
            39        1.270E-05
            40        1.340E-05
            41        1.412E-05
            42        1.485E-05
            43        1.559E-05
            44        1.634E-05
            45        1.710E-05
            46        1.788E-05
            47        1.866E-05
            48        1.945E-05
            49        2.026E-05
            50        2.107E-05
            51        2.189E-05
            52        2.272E-05
            53        2.369E-05
            54        2.638E-05
            55        2.971E-05
            56        3.368E-05
            57        3.792E-05
            58        4.221E-05
            59        4.657E-05
            60        5.097E-05
            61        5.543E-05
            62        5.996E-05
            63        6.461E-05
            64        6.931E-05
            65        7.439E-05
            66        8.013E-05
            67        8.592E-05
            68        9.164E-05
            69        9.702E-05
            70        1.027E-04
            71        1.096E-04
            72        1.176E-04
            73        1.256E-04
            74        1.338E-04
            75        1.421E-04
            76        1.504E-04
            77        1.595E-04
            78        1.689E-04
            79        1.784E-04
            80        1.879E-04
            81        1.974E-04
            82        2.074E-04
            83        2.178E-04
            84        2.282E-04
            85        2.387E-04
            86        2.491E-04
            87        2.595E-04
            88        2.699E-04
            89        2.820E-04
            90        2.948E-04
            91        3.076E-04
            92        3.212E-04
            93        3.377E-04
            94        3.543E-04
            95        3.709E-04
            96        3.886E-04
            97        4.084E-04
            98        4.303E-04
            99        4.522E-04
           100        4.733E-04
           101        4.923E-04
           102        5.139E-04
           103        5.369E-04
           104        5.591E-04
           105        5.808E-04
           106        6.030E-04
           107        6.256E-04
           108        6.480E-04
           109        6.706E-04
           110        6.960E-04
           111        7.220E-04
           112        7.479E-04
           113        7.780E-04
           114        8.156E-04
           115        8.540E-04
           116        8.919E-04
           117        9.293E-04
           118        9.668E-04
           119        1.008E-03
           120        1.052E-03
           121        1.097E-03
           122        1.144E-03
           123        1.192E-03
           124        1.239E-03
           125        1.287E-03
           126        1.340E-03
           127        1.417E-03
           128        1.496E-03
           129        1.572E-03
           130        1.644E-03
           131        1.719E-03
           132        1.794E-03
           133        1.868E-03
           134        1.943E-03
           135        2.033E-03
           136        2.129E-03
           137        2.224E-03
           138        2.315E-03
           139        2.403E-03
           140        2.490E-03
           141        2.587E-03
           142        2.702E-03
           143        2.810E-03
           144        2.924E-03
           145        3.037E-03
           146        3.155E-03
           147        3.277E-03
           148        3.402E-03
           149        3.525E-03
           150        3.643E-03
           151        3.754E-03
           152        3.873E-03
           153        3.996E-03
           154        4.120E-03
           155        4.244E-03
           156        4.372E-03
           157        4.518E-03
           158        4.692E-03
           159        4.859E-03
           160        5.003E-03
           161        5.143E-03
           162        5.300E-03
           163        5.460E-03
           164        5.615E-03
           165        5.777E-03
           166        5.952E-03
           167        6.123E-03
           168        6.309E-03
           169        6.539E-03
           170        6.760E-03
           171        6.981E-03
           172        7.182E-03
           173        7.361E-03
           174        7.564E-03
           175        7.787E-03
           176        8.003E-03
           177        8.221E-03
           178        8.432E-03
           179        8.635E-03
           180        8.858E-03
           181        9.130E-03
           182        9.413E-03
           183        9.717E-03
           184        1.002E-02
           185        1.031E-02
           186        1.055E-02
           187        1.078E-02
           188        1.101E-02
           189        1.125E-02
           190        1.147E-02
           191        1.168E-02
           192        1.191E-02
           193        1.214E-02
           194        1.235E-02
           195        1.250E-02
           196        1.265E-02
           197        1.278E-02
           198        1.291E-02
           199        1.304E-02
           200        1.316E-02
           201        1.329E-02
           202        1.343E-02
           203        1.353E-02
           204        1.365E-02
           205        1.374E-02
           206        1.382E-02
           207        1.389E-02
           208        1.396E-02
           209        1.403E-02
           210        1.409E-02
           211        1.416E-02
           212        1.421E-02
           213        1.425E-02
           214        1.427E-02
           215        1.428E-02
           216        1.426E-02
           217        1.421E-02
           218        1.416E-02
           219        1.409E-02
           220        1.402E-02
           221        1.396E-02
           222        1.389E-02
           223        1.379E-02
           224        1.360E-02
           225        1.337E-02
           226        1.310E-02
           227        1.280E-02
           228        1.245E-02
           229        1.209E-02
           230        1.165E-02
           231        1.121E-02
           232        1.072E-02
           233        1.004E-02
           234        9.242E-03
           235        8.388E-03
           236        7.514E-03
           237        6.642E-03
           238        5.684E-03
           239        4.587E-03
           240        2.922E-03

Portion of Total Neutron Source Rate Accounted for in the Total Energy Spectrum:  98.6%.

Portion of Spontaneous Fission Neutron Source Rate Accounted For in the Spontaneous Fission Energy Spectrum:   0.0%.

Warning: Energy Group Structure May Be Poorly Chosen.
