SNOLAB - NORITE Th232
1 2 1
10 0
 6   0.000524
 8   0.626263949
 11  0.015683355
 12  0.05225612
 13  0.046696
 14  0.200747451
 19  0.0052
 20  0.01793973
 25  0.000382
 26  0.023909239

240 12.0 0.0
7
   902320       3.83E+16
   902280	5.23E+06
   882240	2.72E+04
   862200	4.82E+00
   842160	1.25E-02
   832120	3.15E+02
   842120       2.55E-08
24 4000
 00060130  5.5544E-06
 00080170  0.000240485
 00080180  0.001283841
 00110230  0.015683355
 00120240  0.041282335
 00120250  0.005225612
 00120260  0.005748173
 00130270  0.046696
 00140280  0.18508915
 00140290  0.000937491
 00140300  0.000616295
 00190390  0.0048516
 00190400  0.000117
 00190410  0.000034996
 00200420  0.00011607
 00200430  2.42186E-05
 00200440  0.00037494
 00200460  7.17589E-07
 00200480  0.00187
 00250550  0.000382
 00260540  0.00139869
 00260560  0.021948681
 00260570  0.000506876
 00260580  6.69459E-05

